	A543S1.R1.fastq.gz	A543S2.R1.fastq.gz	A543S3.R1.fastq.gz	A543S4.R1.fastq.gz	A543S5.R1.fastq.gz	A543S6.R1.fastq.gz
mmu-mir-5099-3p	3815884	1470286	567495	816454	830371	772696
mmu-mir-21a-5p	438563	561360	675004	1255523	77695	195003
mmu-mir-148a-3p	327035	221795	185435	237768	354018	250563
mmu-mir-302b-3p	198894	117653	134081	112897	21426	50441
mmu-mir-293-3p	179508	182170	129206	181503	127186	131705
mmu-mir-677-5p	152085	80212	60719	74813	50057	40790
mmu-mir-127-3p	109931	89273	63794	120007	99884	110474
mmu-mir-182-5p	106418	80720	62752	116571	70676	88418
mmu-mir-381-3p	96963	56059	61144	116139	83608	78831
mmu-mir-293-5p	93852	105139	59734	104746	66140	57599
mmu-mir-7a-1-5p	85828	65875	43243	68046	72375	76159
mmu-mir-302a-5p	78203	53287	55953	56882	11838	25212
mmu-mir-27b-3p	39887	39009	37363	65532	29154	29627
mmu-mir-295-3p	46498	52524	43493	64718	34635	39865
mmu-mir-302d-3p	64406	37309	50378	48470	9247	21479
mmu-mir-183-5p	48750	39556	34452	62200	37277	48346
mmu-mir-291a-3p	53746	51598	55374	61886	48359	40343
mmu-mir-99b-5p	46298	26028	32506	57793	12981	16189
mmu-mir-92a-1-3p	45111	42028	41063	55832	35002	47611
mmu-mir-541-5p	47961	36879	31267	55518	34380	36242
mmu-mir-379-5p	44122	34056	30493	52483	36131	30683
mmu-mir-434-5p	47042	31581	25096	37819	29680	28033
mmu-mir-292a-3p	32761	38129	27306	32461	20569	25234
mmu-mir-302a-3p	37452	21913	30304	26370	4980	10658
mmu-mir-5121-3p	36888	15300	18843	22278	21032	19045
mmu-mir-363-3p	36670	19519	20329	22410	29824	30314
mmu-mir-25-3p	32145	23601	25008	36003	21445	23770
mmu-mir-20a-5p	24083	18276	21133	29797	20032	19585
mmu-mir-294-3p	22818	26529	25557	29280	14607	19091
mmu-mir-467a-2-5p	13768	28498	16732	28313	19665	17501
mmu-mir-9-3-5p	28424	8928	10725	17900	9442	14521
mmu-mir-200b-3p	18852	24484	12319	26867	13203	13704
mmu-mir-26a-2-5p	18515	17073	16983	24217	15945	18944
mmu-mir-300-3p	18771	13387	11660	23616	16035	16516
mmu-mir-677-3p	23188	11046	7815	10514	7313	5653
mmu-mir-96-5p	15549	9997	12960	20599	12829	15517
mmu-mir-370-3p	17400	14363	12684	20212	17722	19378
mmu-mir-30a-5p	15127	12413	11960	20134	10280	11222
mmu-mir-411-5p	14982	12106	12048	19455	11644	12819
mmu-mir-20b-5p	17890	11960	10301	11152	19130	17598
mmu-mir-409-3p	18612	14157	10242	18731	12847	14833
mmu-mir-30d-5p	14060	14058	12650	18437	9490	13172
mmu-mir-101b-3p	12745	9825	9739	17831	10508	9748
mmu-mir-134-5p	13464	9686	8867	16718	11993	11074
mmu-mir-27a-3p	8899	5932	10340	16325	2053	4846
mmu-mir-17-5p	12476	9937	12088	16251	10862	11050
mmu-mir-103-2-3p	9828	7964	8807	15360	7009	6800
mmu-mir-200a-3p	8527	10711	6702	14978	6081	7256
mmu-mir-302c-3p	14719	7141	12001	10321	2156	4276
mmu-mir-92a-2-3p	11207	10363	8676	10054	11031	14149
mmu-mir-151-3p	12401	7603	8308	10604	5284	6222
mmu-mir-3535-5p	12202	7041	3304	3555	5112	2902
mmu-mir-378a-3p	12183	6954	7759	11296	6969	7710
mmu-mir-10b-5p	2809	1514	9358	12147	722	1070
mmu-mir-93-5p	9163	7074	8741	12020	7854	7681
mmu-mir-140-3p	8928	4507	6433	11826	5129	5222
mmu-mir-218-1-5p	10760	3255	11586	10932	1964	2816
mmu-mir-532-5p	7025	8296	6133	11544	3279	3847
mmu-mir-6240-3p	5620	3457	8463	11366	5844	5461
mmu-mir-335-3p	7780	6586	8714	10911	2713	682
mmu-mir-106a-5p	8555	5284	4723	5608	10617	8991
mmu-mir-148b-3p	8322	6571	6064	10437	6291	5822
mmu-mir-341-3p	7876	5102	4735	10211	6931	7143
mmu-mir-1957a-5p	6829	9734	2959	4062	3130	3666
mmu-mir-669c-5p	6445	9263	4171	7860	4377	4823
mmu-mir-106b-3p	9105	7257	5770	8544	6562	6562
mmu-mir-30c-2-5p	8065	5812	6756	8802	6074	8200
mmu-mir-291a-5p	5224	7627	5797	8440	4845	6285
mmu-mir-323-3p	6754	5339	4908	8355	5177	6235
mmu-mir-143-3p	2415	1889	6147	8325	3566	2685
mmu-mir-101a-3p	5215	4344	4090	8153	7362	6289
mmu-mir-672-5p	6016	6404	2107	3463	7413	7895
mmu-mir-32-5p	5814	4548	5428	7839	3858	3934
mmu-mir-26b-5p	4909	3341	5822	7798	1655	3171
mmu-mir-669a-2-5p	3909	6059	4118	7713	4007	3751
mmu-mir-543-3p	5815	4873	3548	5036	3893	6272
mmu-mir-20a-3p	5952	2715	1358	1387	2354	1984
mmu-mir-27a-5p	5615	2624	2079	2893	480	1034
mmu-mir-3963-5p	2614	1337	4479	4931	4876	5609
mmu-mir-200a-5p	5434	5067	1289	2661	1719	1430
mmu-mir-423-3p	3854	3882	3902	5432	2780	3626
mmu-mir-191-5p	3271	4214	2879	5255	3271	3734
mmu-mir-340-5p	3732	2783	3173	5109	2838	3231
mmu-mir-758-3p	4089	2643	3046	5051	2984	3397
mmu-mir-181d-5p	3018	1954	3185	5045	1198	2509
mmu-mir-494-3p	2809	2706	2776	4914	2877	3395
mmu-mir-126a-3p	4903	3092	2514	3350	4528	4121
mmu-mir-495-3p	4066	3376	3127	4865	3011	3910
mmu-mir-337-5p	3362	3531	2957	4811	3125	3685
mmu-mir-434-3p	3798	3568	3149	4718	2849	3702
mmu-mir-99b-3p	4157	2429	2454	4401	1068	1601
mmu-mir-409-5p	2813	2426	2306	4346	2827	2411
mmu-mir-1195-5p	921	792	3706	4303	2834	3181
mmu-mir-19b-2-3p	3757	2551	2975	4273	3484	3633
mmu-mir-136-5p	4239	2574	3306	4135	2341	2656
mmu-mir-125a-5p	2868	2084	3271	4173	831	1732
mmu-mir-18b-5p	4149	2036	2233	2612	3517	3128
mmu-mir-28a-3p	2078	1954	1972	4090	521	728
mmu-mir-135b-5p	2979	2065	3533	4054	1645	2472
mmu-mir-299a-3p	2729	2407	2022	3985	2323	2256
mmu-mir-200c-3p	2215	3766	1648	3449	2322	2684
mmu-mir-382-3p	2712	1927	1640	3757	1917	2007
mmu-mir-23a-3p	1363	1068	2066	3658	355	866
mmu-mir-136-3p	2515	1949	1646	3504	2273	2201
mmu-mir-210-3p	2238	3099	1575	2351	3222	3486
mmu-mir-16-2-5p	1952	1699	2210	3475	1668	1902
mmu-mir-455-5p	3423	1827	2210	2980	610	1018
mmu-mir-224-5p	1997	1667	2286	3371	356	784
mmu-mir-298-5p	2255	1793	2555	3347	1525	1854
mmu-mir-382-5p	3022	2070	1897	3346	1904	2057
mmu-mir-467c-5p	1667	3324	1646	2431	1291	1381
mmu-mir-34c-5p	2648	2809	1730	3307	2364	1323
mmu-mir-467e-5p	2244	3297	1575	2456	2122	1365
mmu-mir-127-5p	2471	1904	1604	3282	2071	2167
mmu-mir-106b-5p	2216	1563	1897	3243	1961	1947
mmu-mir-186-5p	2449	1719	2253	3181	1258	1345
mmu-mir-431-5p	2188	1568	1713	3133	1983	1868
mmu-mir-146a-5p	1757	1370	1991	3116	254	504
mmu-mir-429-3p	1990	2078	1354	3077	1316	1422
mmu-mir-410-3p	1646	1289	1519	3018	1787	1872
mmu-mir-128-2-3p	3000	2337	1872	2282	2088	2571
mmu-mir-653-5p	2937	1818	1309	1787	775	1509
mmu-mir-23b-3p	1525	1692	1836	2934	1329	1518
mmu-mir-34a-5p	1387	1425	1536	2923	1513	1532
mmu-mir-744-5p	1853	2281	1995	2856	1293	1582
mmu-mir-6240-5p	1982	923	2335	2848	2593	1768
mmu-mir-22-3p	670	1046	1727	2825	319	661
mmu-mir-218-2-5p	2805	749	1717	1854	262	413
mmu-mir-690-3p	1352	729	2769	2217	1967	1534
mmu-mir-708-3p	2507	1684	1077	1486	2708	2324
mmu-mir-3473f-3p	1283	854	2656	2182	2030	1319
mmu-mir-361-3p	2603	1903	1714	2449	1145	1414
mmu-mir-872-5p	2126	1591	1892	2581	1286	1533
mmu-mir-369-3p	1115	972	1374	2569	1218	1510
mmu-mir-320-5p	120	138	1743	2402	575	710
mmu-mir-411-3p	1458	1768	1610	2371	1667	2036
mmu-mir-540-3p	1808	1561	1352	2314	1853	1747
mmu-mir-5126-3p	153	150	1368	2300	394	400
mmu-mir-6236-3p	161	152	1433	2299	836	868
mmu-mir-433-3p	1559	1512	1374	2184	1688	2293
mmu-mir-329-5p	1320	1077	1221	2223	1360	1335
mmu-mir-877-3p	2092	1230	800	1309	712	619
mmu-mir-1934-3p	876	640	2055	1388	1389	1029
mmu-mir-466c-1-3p	469	2025	865	1202	747	1007
mmu-mir-221-3p	1823	1846	1540	2006	587	1319
mmu-mir-376b-3p	1558	1202	1104	1966	1649	1863
mmu-mir-1a-2-3p	811	697	922	1942	346	387
mmu-mir-296-3p	1623	1699	1634	1905	1130	1651
mmu-mir-320-3p	1330	906	1104	1900	785	1022
mmu-mir-674-3p	1503	1285	1460	1808	732	905
mmu-mir-679-5p	1623	1303	882	1753	932	1105
mmu-mir-152-3p	994	979	1023	1680	1721	1321
mmu-mir-363-5p	1716	1113	737	966	1088	1218
mmu-mir-380-3p	1235	927	945	1701	1141	1111
mmu-mir-6236-5p	200	167	1137	1699	568	579
mmu-mir-92b-3p	1347	1549	1226	1666	698	1374
mmu-mir-203-3p	1467	1116	872	1652	554	783
mmu-mir-19a-3p	1369	982	1213	1618	1293	1528
mmu-mir-10a-5p	967	541	1577	1514	715	820
mmu-let-7g-5p	705	784	638	1136	1547	1180
mmu-mir-379-3p	918	1156	1041	1543	1043	1181
mmu-mir-423-5p	1376	1271	1028	1492	697	929
mmu-mir-16-1-3p	1490	1095	779	1244	642	687
mmu-mir-28a-5p	558	594	884	1440	163	285
mmu-mir-18a-5p	1241	806	1029	1440	906	923
mmu-mir-669l-5p	844	1256	821	1425	676	712
mmu-mir-708-5p	634	570	440	608	1419	1394
mmu-mir-335-5p	744	518	1296	1412	270	53
mmu-mir-1193-3p	727	761	792	1411	770	863
mmu-mir-484-5p	833	855	971	1389	682	1037
mmu-mir-669o-5p	748	1117	822	1383	659	709
mmu-mir-130a-3p	993	830	950	1377	707	859
mmu-mir-669e-5p	561	1042	552	1370	565	639
mmu-mir-2137-3p	93	81	1013	1318	245	343
mmu-mir-666-5p	1218	801	821	1277	756	785
mmu-mir-322-3p	572	469	884	1270	193	275
mmu-mir-222-3p	1255	1200	760	1041	441	920
mmu-mir-192-5p	766	632	642	1254	658	693
mmu-mir-15b-5p	997	844	877	1232	629	743
mmu-mir-669a-2-3p	326	1230	800	967	745	1072
mmu-mir-1983-3p	493	465	829	1211	669	559
mmu-mir-30a-3p	1205	1138	829	1064	601	719
mmu-mir-129-1-5p	1189	1017	1184	1089	626	941
mmu-let-7f-2-5p	681	581	743	1182	814	662
mmu-mir-21a-3p	305	310	698	1168	32	146
mmu-mir-140-5p	1011	439	774	1159	449	478
mmu-mir-669m-2-5p	606	1015	647	1149	384	512
mmu-mir-450b-5p	1103	691	692	956	825	935
mmu-mir-485-3p	846	664	525	1028	775	1101
mmu-let-7e-5p	462	271	482	1096	197	283
mmu-mir-185-5p	765	723	664	1095	499	583
mmu-mir-652-3p	729	449	717	1089	411	509
mmu-mir-467a-2-3p	342	1088	623	840	613	732
mmu-mir-3473e-5p	848	768	936	897	1086	856
mmu-mir-466h-5p	536	842	557	1060	453	498
mmu-mir-1839-5p	905	629	625	1056	728	573
mmu-mir-341-5p	813	530	312	534	1047	644
mmu-mir-328-3p	626	310	741	1037	277	489
mmu-mir-31-5p	454	504	630	1013	189	263
mmu-mir-367-3p	1006	591	879	828	205	420
mmu-mir-130b-5p	948	738	692	918	747	1002
mmu-mir-466g-3p	232	999	326	445	245	298
mmu-mir-425-5p	638	526	521	990	773	584
mmu-mir-431-3p	792	556	518	977	557	655
mmu-mir-29a-3p	490	537	395	604	918	966
mmu-mir-1983-5p	501	301	818	961	559	488
mmu-mir-875-3p	927	367	241	370	222	192
mmu-mir-148a-5p	921	768	359	605	756	716
mmu-mir-351-5p	707	367	841	880	179	300
mmu-mir-504-5p	802	642	525	874	102	243
mmu-mir-369-5p	744	568	570	872	500	657
mmu-mir-493-5p	642	422	585	869	244	329
mmu-mir-345-3p	472	357	571	869	289	277
mmu-mir-149-5p	644	522	603	865	269	395
mmu-mir-466c-1-5p	401	679	429	856	484	558
mmu-let-7i-5p	653	700	488	791	853	727
mmu-mir-1298-5p	845	584	308	397	416	420
mmu-mir-146b-5p	840	713	579	842	623	591
mmu-mir-503-5p	476	282	602	837	147	263
mmu-mir-181c-3p	522	246	461	837	201	280
mmu-mir-30b-5p	437	367	521	817	419	482
mmu-mir-1198-5p	795	651	626	815	475	531
mmu-mir-330-5p	532	397	495	810	344	422
mmu-mir-665-3p	461	442	461	803	587	556
mmu-mir-3470b-5p	515	384	640	799	465	392
mmu-mir-542-3p	766	374	569	794	583	479
mmu-mir-452-5p	506	356	586	788	119	161
mmu-mir-7116-3p	772	518	373	601	435	414
mmu-mir-342-3p	450	383	511	769	283	304
mmu-mir-362-5p	301	374	351	768	154	162
mmu-mir-709-3p	715	434	689	764	540	504
mmu-mir-107-3p	489	326	394	750	386	371
mmu-mir-295-5p	584	613	578	742	413	443
mmu-mir-3473d-3p	218	131	737	446	452	302
mmu-mir-3473b-3p	393	227	736	609	389	368
mmu-mir-501-3p	318	555	351	723	126	193
mmu-mir-291b-5p	528	700	451	704	426	485
mmu-mir-6239-3p	87	72	646	695	364	599
mmu-mir-450a-1-5p	669	419	475	677	372	518
mmu-mir-181a-2-5p	300	164	527	665	56	171
mmu-mir-466d-3p	135	637	286	408	222	372
mmu-let-7c-2-5p	491	436	335	493	284	635
mmu-mir-7b-5p	567	412	217	407	535	631
mmu-mir-770-3p	613	489	360	628	496	499
mmu-mir-322-5p	285	117	383	626	72	117
mmu-mir-205-5p	319	343	332	622	469	383
mmu-mir-302c-5p	523	321	511	608	112	259
mmu-mir-17-3p	433	329	359	605	418	434
mmu-mir-380-5p	600	458	294	563	372	278
mmu-mir-329-3p	324	323	366	590	220	290
mmu-mir-19b-1-3p	590	511	318	449	322	255
mmu-mir-881-3p	440	335	439	583	570	566
mmu-mir-6539-5p	356	405	314	576	208	227
mmu-mir-466o-5p	243	407	326	572	351	300
mmu-mir-206-3p	279	160	181	190	348	572
mmu-mir-301a-5p	572	449	356	475	154	188
mmu-mir-674-5p	362	293	443	568	118	192
mmu-mir-181b-1-5p	197	152	482	567	46	126
mmu-mir-669d-2-5p	330	466	283	564	304	263
mmu-mir-199b-3p	293	263	341	556	397	410
mmu-mir-99a-5p	529	184	555	484	89	171
mmu-mir-154-3p	384	193	217	505	468	548
mmu-mir-6239-5p	28	32	542	515	253	493
mmu-mir-376c-3p	425	340	265	536	309	300
mmu-mir-592-5p	396	120	245	532	21	40
mmu-mir-135b-3p	424	361	349	531	221	249
mmu-mir-361-5p	289	290	293	530	221	256
mmu-mir-466f-3-5p	225	354	244	524	303	299
mmu-mir-667-5p	492	348	189	365	319	267
mmu-mir-155-5p	281	228	370	491	104	150
mmu-mir-302d-5p	488	373	313	319	84	161
mmu-mir-421-3p	300	483	292	409	337	257
mmu-mir-673-5p	348	289	310	481	309	402
mmu-mir-1191a-3p	407	292	276	476	299	294
mmu-mir-485-5p	462	372	281	450	342	309
mmu-mir-669f-5p	247	371	221	461	163	218
mmu-mir-25-5p	461	443	233	343	202	240
mmu-mir-370-5p	346	276	227	455	304	338
mmu-mir-125b-1-5p	143	187	265	449	88	114
mmu-mir-1981-5p	433	427	313	429	269	263
mmu-mir-297b-5p	196	290	169	431	211	175
mmu-mir-297a-3-5p	160	333	215	424	192	228
mmu-mir-297a-3-3p	187	414	243	395	225	307
mmu-mir-9-3-3p	396	132	186	320	160	238
mmu-mir-466p-5p	198	293	240	391	271	255
mmu-mir-196b-5p	165	29	338	387	16	17
mmu-mir-196a-1-5p	180	225	270	387	313	175
mmu-mir-128-1-3p	385	298	255	319	261	346
mmu-mir-344-1-3p	205	184	185	220	262	383
mmu-mir-673-3p	371	259	205	321	255	224
mmu-mir-487b-3p	250	210	231	371	230	247
mmu-mir-15b-3p	324	298	272	371	153	178
mmu-mir-582-3p	146	129	114	178	369	227
mmu-mir-340-3p	356	255	364	349	209	308
mmu-mir-30c-2-3p	361	335	155	223	152	171
mmu-mir-182-3p	351	287	144	314	187	245
mmu-mir-139-5p	163	316	97	136	348	320
mmu-mir-130b-3p	319	239	246	338	248	274
mmu-mir-5100-3p	81	57	290	285	337	326
mmu-mir-92a-1-5p	322	277	202	294	243	290
mmu-mir-18a-3p	317	276	262	313	159	228
mmu-mir-141-3p	248	317	196	303	202	232
mmu-mir-221-5p	314	234	121	169	95	129
mmu-mir-7079-3p	309	123	182	232	163	127
mmu-mir-669f-3p	98	309	155	280	146	198
mmu-mir-324-3p	182	153	245	306	162	213
mmu-mir-181c-5p	172	93	189	305	82	206
mmu-let-7a-2-5p	148	120	186	302	152	168
mmu-mir-493-3p	293	172	199	298	140	135
mmu-mir-302b-5p	291	256	146	129	27	80
mmu-mir-1197-3p	241	233	136	289	189	141
mmu-mir-27b-5p	236	289	126	205	107	116
mmu-mir-294-5p	206	265	196	288	157	179
mmu-mir-339-5p	193	231	219	287	261	238
mmu-mir-30b-3p	282	241	172	211	138	151
mmu-mir-195a-3p	281	202	113	185	237	274
mmu-mir-150-5p	68	140	41	82	191	280
mmu-mir-532-3p	105	138	162	278	52	51
mmu-mir-1291-5p	274	237	206	266	262	192
mmu-mir-374b-3p	177	273	138	197	183	179
mmu-mir-412-5p	208	245	133	271	178	158
mmu-mir-125b-1-3p	170	206	146	270	31	50
mmu-mir-598-3p	199	109	151	269	129	112
mmu-mir-467d-5p	105	266	125	224	98	129
mmu-mir-301a-3p	154	123	176	263	104	109
mmu-mir-32-3p	262	248	176	219	114	123
mmu-mir-188-5p	137	140	163	261	62	44
mmu-mir-100-5p	111	88	252	230	88	101
mmu-mir-194-2-5p	106	110	153	251	111	126
mmu-mir-125a-3p	181	124	125	251	38	84
mmu-mir-145a-5p	62	64	173	245	62	64
mmu-mir-134-3p	244	179	114	222	165	121
mmu-mir-362-3p	90	133	129	243	64	71
mmu-mir-151-5p	168	133	192	242	149	167
mmu-mir-331-3p	143	130	145	240	62	94
mmu-mir-132-3p	165	159	181	232	24	52
mmu-mir-6540-5p	106	118	167	229	46	53
mmu-mir-5098-3p	118	93	152	228	116	121
mmu-mir-195a-5p	166	116	125	211	205	228
mmu-mir-367-5p	220	139	150	104	75	150
mmu-mir-488-3p	195	180	84	152	218	120
mmu-mir-667-3p	116	134	124	213	124	171
mmu-mir-466n-5p	71	107	69	213	129	114
mmu-mir-301b-3p	144	93	132	213	184	170
mmu-mir-3470b-3p	53	88	82	84	212	209
mmu-mir-455-3p	162	155	152	211	36	106
mmu-mir-181a-2-3p	168	53	155	207	13	50
mmu-mir-154-5p	86	87	95	204	70	107
mmu-mir-669h-5p	102	201	87	111	76	119
mmu-mir-92b-5p	198	183	84	141	96	122
mmu-mir-148b-5p	160	157	148	197	129	109
mmu-mir-3102-3p	75	92	136	196	43	56
mmu-mir-676-3p	142	151	135	193	141	132
mmu-mir-872-3p	130	113	141	193	88	142
mmu-mir-1843b-5p	120	83	134	191	111	93
mmu-mir-700-3p	133	151	126	187	161	188
mmu-mir-375-3p	73	52	125	187	45	43
mmu-mir-212-5p	150	154	181	185	19	61
mmu-mir-301b-5p	185	96	95	126	141	98
mmu-mir-196a-1-3p	112	126	83	182	115	64
mmu-mir-130a-5p	180	110	56	88	53	59
mmu-mir-200b-5p	121	179	73	152	52	60
mmu-mir-3081-3p	114	84	123	179	115	82
mmu-mir-92a-2-5p	174	178	63	50	165	176
mmu-mir-331-5p	142	119	165	173	65	87
mmu-mir-496a-3p	117	117	105	171	86	109
mmu-mir-1843a-5p	163	123	123	171	123	117
mmu-mir-6944-3p	53	30	95	169	31	24
mmu-mir-376b-5p	162	97	126	165	79	156
mmu-mir-3068-5p	118	79	91	164	95	84
mmu-mir-299a-5p	74	99	99	164	73	82
mmu-mir-22-5p	73	94	94	160	21	34
mmu-mir-345-5p	78	54	101	159	42	57
mmu-mir-712-5p	37	45	127	159	63	61
mmu-mir-29b-1-3p	54	37	60	80	159	124
mmu-mir-126a-5p	139	77	112	144	159	135
mmu-mir-290a-3p	124	156	75	85	43	73
mmu-mir-3068-3p	83	95	100	156	135	88
mmu-mir-330-3p	131	108	97	156	66	115
mmu-mir-668-3p	93	92	83	154	53	71
mmu-mir-1193-5p	153	147	80	153	119	101
mmu-mir-18b-3p	153	135	86	121	96	143
mmu-mir-410-5p	146	107	87	151	92	81
mmu-mir-503-3p	90	56	140	151	28	29
mmu-mir-34b-3p	115	149	101	117	107	102
mmu-mir-376a-3p	125	97	91	149	88	71
mmu-mir-31-3p	53	53	72	148	36	25
mmu-mir-377-3p	97	85	63	148	76	101
mmu-mir-1199-5p	53	40	68	147	16	28
mmu-mir-499-5p	58	90	48	41	146	145
mmu-mir-770-5p	101	105	86	145	83	89
mmu-mir-199a-1-5p	81	47	62	80	101	144
mmu-mir-5128-3p	67	42	143	110	89	59
mmu-mir-877-5p	130	89	74	143	98	75
mmu-mir-376a-5p	97	80	77	142	64	82
mmu-mir-350-3p	78	82	100	137	56	73
mmu-mir-183-3p	82	83	64	130	98	134
mmu-mir-16-2-3p	72	88	82	134	61	72
mmu-mir-3066-5p	131	92	89	134	75	87
mmu-mir-342-5p	107	94	91	130	49	62
mmu-mir-187-3p	44	116	82	89	128	109
mmu-mir-615-3p	30	13	69	128	5	5
mmu-mir-671-5p	84	60	87	128	37	52
mmu-mir-465b-1-5p	97	72	71	108	77	127
mmu-mir-1954-3p	39	38	83	127	37	37
mmu-mir-30d-3p	127	115	52	98	43	43
mmu-mir-30c-1-3p	123	102	49	52	41	51
mmu-mir-124-3-3p	45	85	58	79	97	118
mmu-mir-704-3p	118	90	78	107	72	97
mmu-mir-145a-3p	33	29	118	94	24	25
mmu-mir-93-3p	89	79	102	116	58	73
mmu-mir-1306-3p	115	58	88	92	57	87
mmu-mir-133a-1-3p	38	32	47	109	20	18
mmu-mir-199b-5p	41	39	61	108	43	35
mmu-mir-181a-1-3p	26	66	54	107	12	22
mmu-mir-1947-5p	107	89	81	107	93	92
mmu-mir-1964-3p	106	65	63	83	38	70
mmu-mir-7a-1-3p	96	79	69	105	62	73
mmu-mir-326-3p	44	29	52	104	29	29
mmu-mir-700-5p	70	79	48	98	73	104
mmu-mir-615-5p	48	103	67	83	21	38
mmu-mir-3967-3p	32	31	34	103	4	14
mmu-mir-339-3p	75	78	44	100	64	72
mmu-mir-15a-5p	79	48	59	100	78	43
mmu-mir-3072-3p	50	43	70	99	41	73
mmu-mir-486b-5p	50	50	80	97	11	22
mmu-mir-132-5p	97	66	93	90	14	15
mmu-mir-714-3p	37	25	76	95	34	33
mmu-mir-184-3p	45	48	35	56	87	95
mmu-mir-26a-2-3p	93	75	61	80	76	71
mmu-mir-425-3p	42	62	45	92	61	66
mmu-mir-696-3p	90	78	50	62	91	81
mmu-mir-149-3p	88	72	36	73	36	27
mmu-mir-466m-3p	16	88	36	47	43	52
mmu-mir-465c-1-5p	48	31	49	78	68	88
mmu-mir-190a-5p	48	28	42	88	22	27
mmu-mir-466n-3p	49	87	49	60	30	36
mmu-mir-101b-5p	87	65	79	83	49	46
mmu-mir-470-5p	42	35	64	83	62	87
mmu-mir-222-5p	87	58	38	62	42	63
mmu-mir-6364-3p	41	36	63	84	69	45
mmu-mir-1968-5p	83	51	48	70	52	54
mmu-mir-297a-2-3p	34	83	36	65	33	33
mmu-mir-671-3p	45	31	47	82	17	29
mmu-mir-539-5p	46	37	68	82	53	67
mmu-mir-452-3p	32	31	58	82	13	11
mmu-mir-152-5p	52	36	33	80	65	65
mmu-mir-679-3p	63	62	56	80	39	34
mmu-mir-141-5p	72	79	24	57	54	48
mmu-mir-124-3-5p	50	69	30	47	77	73
mmu-mir-3470a-5p	70	61	50	77	59	50
mmu-mir-1291-3p	76	37	29	19	53	19
mmu-mir-6399-3p	76	54	59	62	16	21
mmu-mir-676-5p	76	59	61	67	58	61
mmu-mir-714-5p	19	26	70	75	39	59
mmu-mir-871-3p	44	41	58	52	57	75
mmu-mir-1968-3p	74	41	42	66	48	50
mmu-mir-6481-3p	33	37	42	74	26	50
mmu-mir-328-5p	48	13	53	74	16	25
mmu-mir-412-3p	54	64	47	73	34	33
mmu-mir-497b-5p	72	32	44	43	50	35
mmu-mir-450b-3p	72	66	54	70	25	46
mmu-mir-300-5p	71	31	40	71	38	35
mmu-mir-96-3p	57	58	44	71	31	60
mmu-mir-3535-3p	50	46	52	69	44	45
mmu-mir-337-3p	42	19	39	69	23	38
mmu-mir-1946a-5p	39	45	58	69	45	46
mmu-mir-21c-5p	24	27	42	69	6	22
mmu-mir-541-3p	59	41	52	67	33	52
mmu-mir-1194-3p	37	26	48	55	36	67
mmu-mir-219a-2-3p	34	44	45	52	44	66
mmu-mir-7a-2-5p	66	42	39	55	63	58
mmu-mir-466f-3-3p	7	65	33	28	12	25
mmu-mir-702-3p	37	37	36	63	25	38
mmu-mir-7070-3p	24	27	29	63	17	15
mmu-mir-135a-1-5p	63	32	58	41	20	28
mmu-mir-574-3p	22	29	27	62	11	12
mmu-mir-129-2-3p	50	37	53	62	30	37
mmu-mir-24-1-5p	61	54	44	60	30	34
mmu-mir-378a-5p	42	26	45	61	24	27
mmu-mir-3968-3p	37	19	46	60	32	48
mmu-mir-291b-3p	42	60	33	49	45	26
mmu-mir-6904-3p	43	19	40	60	45	32
mmu-mir-466e-5p	33	53	40	59	47	28
mmu-mir-7226-3p	44	30	28	58	22	39
mmu-mir-1949-3p	29	54	45	58	30	43
mmu-mir-33-5p	29	22	37	57	30	30
mmu-mir-212-3p	30	35	47	57	7	12
mmu-mir-7068-5p	47	18	24	57	23	30
mmu-mir-741-3p	31	33	49	46	57	55
mmu-mir-1258-3p	46	40	25	55	31	21
mmu-mir-3074-2-5p	34	32	43	55	21	22
mmu-mir-19b-1-5p	55	52	34	50	23	35
mmu-mir-466g-5p	30	52	15	54	7	17
mmu-let-7d-5p	28	53	33	47	33	41
mmu-mir-8111-5p	23	30	41	53	48	32
mmu-mir-21b-5p	27	27	35	53	6	16
mmu-mir-483-3p	13	8	21	52	0	2
mmu-mir-7033-5p	29	30	20	52	21	26
mmu-mir-377-5p	29	31	35	52	36	31
mmu-mir-467h-3p	26	38	15	51	23	26
mmu-mir-365-1-3p	20	22	27	51	10	10
mmu-mir-219a-1-3p	41	17	29	40	51	36
mmu-mir-712-3p	34	41	33	51	22	27
mmu-mir-8114-5p	51	32	11	16	32	17
mmu-mir-669n-5p	5	13	44	50	31	37
mmu-mir-23b-5p	22	35	37	50	9	20
mmu-mir-1946b-3p	29	20	50	40	21	42
mmu-mir-135a-1-3p	49	18	8	22	15	32
mmu-mir-466f-2-3p	3	49	21	26	6	12
mmu-mir-1981-3p	31	41	29	48	23	31
mmu-mir-703-3p	48	23	12	18	19	11
mmu-mir-10b-3p	9	9	40	47	0	1
mmu-mir-3471-1-3p	26	0	25	47	14	2
mmu-mir-449a-5p	26	36	33	47	43	45
mmu-mir-540-5p	21	16	26	47	13	32
mmu-mir-500-3p	10	19	24	47	9	9
mmu-mir-3057-5p	30	37	26	47	33	30
mmu-mir-193b-3p	19	21	21	46	14	15
mmu-mir-138-1-5p	33	13	26	46	19	25
mmu-mir-98-5p	26	23	27	45	36	35
mmu-mir-298-3p	27	26	28	45	17	17
mmu-mir-744-3p	24	41	42	45	17	26
mmu-mir-1946a-3p	36	28	44	44	27	28
mmu-mir-20b-3p	32	17	29	30	32	44
mmu-mir-5123-3p	26	7	25	43	12	10
mmu-mir-466j-3p	14	39	20	43	20	19
mmu-mir-760-3p	19	23	12	20	43	21
mmu-mir-696-5p	43	41	10	14	18	29
mmu-mir-33-3p	19	17	18	43	11	14
mmu-mir-143-5p	13	7	34	43	14	5
mmu-mir-483-5p	9	12	24	42	1	3
mmu-mir-16-1-5p	32	19	20	42	16	14
mmu-mir-181b-2-5p	5	8	41	32	0	11
mmu-mir-669e-3p	24	40	26	38	28	27
mmu-mir-378c-5p	40	15	12	29	32	18
mmu-mir-501-5p	12	13	10	40	3	3
mmu-mir-1306-5p	32	32	40	38	20	32
mmu-mir-128-1-5p	40	29	13	20	29	25
mmu-mir-3099-3p	27	8	37	40	1	3
mmu-mir-433-5p	22	23	14	39	26	24
mmu-mir-3966-5p	30	19	10	28	21	39
mmu-mir-6412-3p	21	24	35	39	21	28
mmu-mir-34c-3p	34	35	23	38	24	32
mmu-mir-669b-3p	13	24	38	30	21	28
mmu-mir-1843b-3p	17	13	26	38	14	20
mmu-mir-147-3p	28	29	24	37	23	17
mmu-mir-324-5p	25	18	26	36	26	28
mmu-mir-3102-5p	36	35	25	33	10	16
mmu-mir-1839-3p	27	18	20	36	16	14
mmu-mir-350-5p	35	26	24	24	11	27
mmu-mir-670-5p	12	9	9	8	34	14
mmu-mir-703-5p	34	17	8	19	10	13
mmu-mir-365-1-5p	34	25	25	31	6	12
mmu-mir-670-3p	10	10	10	7	34	25
mmu-mir-467c-3p	9	33	26	28	10	21
mmu-mir-465b-1-3p	11	12	21	33	20	25
mmu-mir-1933-3p	25	7	5	33	8	10
mmu-mir-7068-3p	29	21	25	33	24	21
mmu-mir-7224-3p	16	17	14	10	23	33
mmu-mir-34b-5p	13	8	13	33	14	9
mmu-mir-466l-5p	12	21	11	32	12	15
mmu-mir-5106-3p	13	11	22	32	17	17
mmu-mir-34a-3p	22	29	21	32	20	9
mmu-mir-7075-3p	24	11	18	31	10	12
mmu-let-7c-2-3p	16	20	17	31	16	23
mmu-mir-103-1-3p	19	14	18	31	11	7
mmu-mir-494-5p	29	28	18	31	15	12
mmu-mir-1199-3p	8	13	17	31	5	7
mmu-mir-365-2-5p	31	16	11	23	5	9
mmu-mir-218-2-3p	31	8	17	16	4	6
mmu-mir-185-3p	30	26	17	27	22	16
mmu-mir-878-5p	9	12	18	30	17	25
mmu-mir-1188-5p	14	30	21	16	12	28
mmu-mir-210-5p	19	19	8	13	30	27
mmu-mir-466k-5p	10	9	15	29	18	19
mmu-mir-26b-3p	12	13	23	29	5	13
mmu-mir-29c-5p	20	26	22	28	25	10
mmu-mir-3060-3p	14	10	15	28	8	6
mmu-mir-296-5p	12	20	26	27	12	21
mmu-mir-669a-3-3p	6	16	27	27	14	23
mmu-mir-344b-3p	21	24	9	27	21	19
mmu-mir-3965-3p	6	15	27	26	0	6
mmu-mir-669i-5p	10	27	14	24	14	14
mmu-mir-325-5p	27	8	18	13	8	13
mmu-mir-122-5p	26	25	10	21	14	16
mmu-mir-3062-5p	15	9	14	26	8	7
mmu-mir-196a-2-5p	14	13	14	26	25	10
mmu-mir-5112-5p	26	24	19	17	24	18
mmu-mir-8114-3p	7	9	17	26	9	20
mmu-mir-3473d-5p	15	10	8	25	6	7
mmu-mir-880-3p	9	6	16	22	20	25
mmu-mir-767-3p	13	13	11	25	12	14
mmu-mir-3471-2-3p	23	10	11	25	16	10
mmu-mir-6952-3p	9	11	13	23	8	25
mmu-mir-346-3p	10	7	5	18	24	23
mmu-mir-292a-5p	24	14	5	11	7	6
mmu-mir-448-3p	19	17	9	24	15	6
mmu-mir-15a-3p	20	21	21	23	24	13
mmu-mir-466b-3-3p	6	24	15	16	9	7
mmu-mir-5123-5p	17	6	15	24	6	7
mmu-mir-1954-5p	12	15	17	23	6	6
mmu-mir-582-5p	3	7	7	14	23	19
mmu-mir-1961-5p	5	5	13	23	6	9
mmu-mir-378b-3p	23	13	11	22	12	19
mmu-mir-669m-2-3p	5	22	21	23	7	9
mmu-mir-692-2-3p	12	5	1	9	23	12
mmu-mir-101c-3p	7	12	7	14	15	23
mmu-mir-505-3p	12	11	12	22	5	11
mmu-mir-351-3p	19	3	17	22	3	7
mmu-mir-191-3p	22	13	19	15	14	17
mmu-mir-466l-3p	6	12	11	22	16	6
mmu-mir-3470a-3p	8	4	18	22	16	20
mmu-mir-217-5p	6	8	5	9	7	22
mmu-mir-323-5p	18	16	19	22	11	19
mmu-mir-6932-3p	22	8	8	16	3	5
mmu-mir-500-5p	3	6	7	21	4	2
mmu-mir-3086-5p	21	5	11	13	12	15
mmu-mir-3082-3p	21	7	18	21	16	17
mmu-mir-204-5p	12	9	6	9	7	21
mmu-mir-3473b-5p	5	10	14	21	11	13
mmu-mir-3474-5p	21	11	8	9	5	8
mmu-mir-6979-3p	21	20	13	19	21	19
mmu-mir-19b-2-5p	19	20	5	6	10	11
mmu-mir-1934-5p	7	16	8	20	12	14
mmu-mir-672-3p	15	20	14	8	14	16
mmu-mir-3473f-5p	10	6	18	20	17	5
mmu-mir-190b-5p	12	15	10	20	15	16
mmu-mir-205-3p	13	11	7	20	12	2
mmu-mir-6945-3p	8	13	11	20	2	5
mmu-mir-346-5p	11	13	14	18	11	20
mmu-mir-1945-3p	13	20	19	13	17	14
mmu-mir-1943-5p	3	13	11	19	10	3
mmu-mir-181b-1-3p	5	7	9	19	3	1
mmu-mir-664-5p	11	7	4	19	11	11
mmu-mir-6355-3p	19	3	11	10	3	2
mmu-mir-3063-3p	8	11	10	19	9	9
mmu-mir-1936-3p	19	13	13	9	10	8
mmu-mir-155-3p	17	5	19	12	6	8
mmu-mir-466f-1-3p	5	19	4	15	5	5
mmu-mir-465a-5p	1	6	8	19	11	18
mmu-mir-935-3p	4	3	9	18	15	18
mmu-mir-7073-5p	7	9	4	18	5	8
mmu-mir-1929-5p	14	14	16	18	9	10
mmu-mir-450a-1-3p	18	6	7	13	9	15
mmu-mir-6967-2-3p	4	15	12	18	11	16
mmu-mir-6965-3p	18	14	5	12	15	15
mmu-mir-3084-1-3p	5	17	8	11	11	5
mmu-mir-449c-5p	13	9	7	13	12	17
mmu-mir-7091-3p	17	10	7	15	8	6
mmu-mir-652-5p	13	11	12	17	9	14
mmu-mir-666-3p	9	3	8	17	8	12
mmu-mir-7669-3p	3	3	17	16	12	2
mmu-mir-344d-1-3p	17	6	4	5	4	4
mmu-mir-7650-5p	6	16	7	10	13	14
mmu-mir-6988-3p	7	15	7	16	9	14
mmu-mir-8115-3p	3	4	5	7	16	6
mmu-mir-3079-5p	15	2	10	16	2	2
mmu-mir-702-5p	11	5	3	16	7	5
mmu-mir-7083-5p	7	10	5	6	16	10
mmu-mir-6413-3p	6	8	15	16	9	8
mmu-mir-216b-5p	5	4	6	5	8	16
mmu-mir-3064-5p	16	14	4	7	10	6
mmu-mir-743b-3p	7	7	7	16	13	16
mmu-mir-883a-3p	4	12	16	13	11	16
mmu-mir-3473a-3p	5	6	16	11	4	12
mmu-let-7e-3p	13	13	9	15	5	6
mmu-mir-669g-5p	8	15	4	10	10	15
mmu-mir-1247-3p	12	12	13	15	2	10
mmu-mir-297c-5p	1	13	8	15	8	7
mmu-mir-6911-3p	11	12	12	9	15	9
mmu-mir-1195-3p	6	4	11	15	7	10
mmu-mir-1895-3p	5	4	10	15	6	7
mmu-mir-7578-3p	2	15	11	10	1	3
mmu-mir-106a-3p	15	10	6	7	14	10
mmu-mir-490-3p	3	15	8	8	2	3
mmu-mir-1927-3p	4	12	7	14	10	8
mmu-mir-144-5p	5	2	2	4	3	14
mmu-mir-6538-5p	1	7	5	14	2	9
mmu-mir-153-3p	13	10	13	14	10	11
mmu-mir-466a-5p	14	4	9	11	6	4
mmu-mir-1187-3p	13	10	10	14	6	10
mmu-mir-7667-3p	7	3	14	13	6	5
mmu-mir-3069-3p	10	7	14	12	14	9
mmu-mir-1946b-5p	9	8	8	14	9	8
mmu-mir-489-3p	14	0	10	12	6	9
mmu-mir-489-5p	14	7	3	8	4	4
mmu-mir-3475-3p	9	10	13	11	4	7
mmu-mir-3082-5p	7	2	7	13	5	2
mmu-mir-28c-3p	9	6	7	13	0	2
mmu-mir-467e-3p	8	6	5	13	3	8
mmu-mir-3060-5p	1	1	10	13	5	3
mmu-mir-5113-5p	2	7	13	9	5	7
mmu-mir-6369-3p	4	2	12	13	8	10
mmu-let-7d-3p	7	9	11	13	5	9
mmu-mir-7021-5p	9	7	1	13	4	5
mmu-mir-194-2-3p	12	5	4	5	2	0
mmu-mir-3097-3p	3	9	10	12	3	1
mmu-mir-6237-3p	12	0	3	5	2	1
mmu-mir-7089-3p	8	5	4	4	12	3
mmu-let-7b-5p	4	9	1	7	4	12
mmu-mir-6992-5p	9	8	6	12	2	4
mmu-mir-542-5p	12	11	6	8	8	11
mmu-mir-682-3p	12	2	1	7	1	2
mmu-mir-125b-2-3p	5	2	7	12	1	2
mmu-mir-653-3p	9	5	8	12	3	10
mmu-mir-1264-3p	12	9	3	4	5	10
mmu-mir-181d-3p	11	4	8	12	4	2
mmu-mir-467g-5p	7	7	12	3	6	4
mmu-mir-326-5p	5	3	8	12	5	9
mmu-mir-1955-5p	3	7	2	3	11	6
mmu-mir-6516-3p	2	6	8	11	9	0
mmu-mir-101c-5p	8	5	3	10	3	11
mmu-mir-8117-5p	11	4	4	5	5	9
mmu-mir-224-3p	11	6	7	11	1	2
mmu-mir-3085-3p	11	0	3	11	3	1
mmu-mir-743a-3p	6	4	6	11	10	6
mmu-mir-7093-3p	11	5	8	7	5	7
mmu-mir-669h-3p	6	5	5	8	8	11
mmu-mir-7689-3p	2	2	11	7	3	3
mmu-mir-6900-3p	4	1	4	11	3	3
mmu-mir-219a-1-5p	6	9	8	11	11	11
mmu-mir-1194-5p	3	2	0	9	0	11
mmu-mir-3072-5p	10	10	5	11	6	8
mmu-mir-1957b-5p	7	6	2	11	3	6
mmu-mir-3084-1-5p	4	4	3	11	6	2
mmu-mir-10a-3p	3	1	11	9	0	7
mmu-mir-669l-3p	7	11	7	7	3	6
mmu-mir-6715-3p	4	0	11	8	10	3
mmu-mir-6966-3p	6	5	2	5	3	10
mmu-mir-338-5p	10	5	7	8	7	1
mmu-mir-466b-2-5p	3	2	4	10	4	2
mmu-mir-543-5p	10	8	9	6	3	3
mmu-mir-7029-3p	5	5	2	10	3	5
mmu-mir-3105-3p	4	5	1	2	4	10
mmu-mir-6899-3p	7	5	4	10	4	4
mmu-mir-133a-1-5p	7	6	2	10	5	8
mmu-mir-3066-3p	8	2	6	10	0	7
mmu-mir-7a-2-3p	5	3	1	3	10	8
mmu-mir-1191a-5p	5	5	3	10	1	6
mmu-mir-3110-5p	8	3	10	7	1	1
mmu-mir-188-3p	8	8	9	8	2	5
mmu-mir-215-5p	4	5	0	6	9	1
mmu-mir-7090-3p	9	1	2	5	2	4
mmu-mir-7015-3p	7	6	9	6	4	2
mmu-mir-9769-3p	3	8	3	9	3	3
mmu-mir-8093-3p	9	2	4	6	4	4
mmu-mir-3061-3p	2	3	3	9	4	5
mmu-mir-8112-3p	6	5	4	9	5	7
mmu-mir-6975-3p	5	5	8	5	7	9
mmu-mir-574-5p	3	2	4	9	7	7
mmu-mir-5615-1-5p	8	4	6	6	9	5
mmu-mir-6546-5p	2	3	8	9	5	5
mmu-mir-7008-3p	1	5	3	9	1	3
mmu-mir-874-3p	9	8	5	3	5	1
mmu-mir-6380-3p	0	2	9	0	0	4
mmu-mir-6540-3p	0	2	4	9	0	2
mmu-mir-8094-5p	9	4	3	1	2	4
mmu-mir-23a-5p	3	2	4	9	0	1
mmu-mir-6989-3p	2	2	4	9	2	4
mmu-mir-467f-3p	4	1	0	9	5	2
mmu-mir-6896-5p	6	5	7	9	5	6
mmu-mir-664-3p	4	4	4	9	3	5
mmu-mir-7030-3p	3	4	8	6	5	2
mmu-mir-466q-5p	8	4	4	6	4	3
mmu-mir-1930-3p	6	5	8	2	2	2
mmu-mir-3094-3p	2	2	5	8	1	2
mmu-mir-471-5p	2	2	8	3	2	5
mmu-mir-693-3p	8	4	3	5	4	5
mmu-mir-325-3p	2	3	8	2	1	3
mmu-mir-1970-5p	1	0	8	6	4	5
mmu-mir-8103-3p	5	4	4	8	3	6
mmu-mir-451a-5p	5	3	5	7	8	7
mmu-mir-1251-5p	3	1	8	7	1	2
mmu-mir-701-5p	2	4	2	8	0	0
mmu-mir-6958-3p	6	3	6	8	2	5
mmu-mir-466o-3p	0	7	6	8	4	4
mmu-mir-3473c-5p	1	1	4	1	1	8
mmu-mir-8115-5p	1	3	8	7	4	2
mmu-mir-5122-5p	8	3	1	1	4	5
mmu-mir-1982-3p	4	5	3	4	8	5
mmu-mir-9-2-3p	8	0	1	2	7	7
mmu-mir-1190-5p	8	4	2	3	5	6
mmu-mir-7658-5p	8	6	6	6	8	7
mmu-mir-147-5p	4	4	1	8	6	2
mmu-mir-665-5p	8	4	7	6	5	3
mmu-mir-139-3p	3	8	4	6	4	6
mmu-mir-29c-3p	8	4	6	7	5	7
mmu-mir-6932-5p	8	1	1	5	1	7
mmu-mir-1930-5p	5	8	5	8	3	4
mmu-mir-9-1-5p	3	2	5	6	7	8
mmu-mir-7652-3p	2	2	2	8	7	2
mmu-mir-3076-3p	2	8	4	2	6	3
mmu-mir-193a-5p	7	1	4	5	3	3
mmu-mir-297a-1-5p	2	2	7	7	2	3
mmu-mir-150-3p	2	7	0	3	6	4
mmu-mir-344f-3p	6	6	1	1	4	7
mmu-mir-181b-2-3p	7	1	6	7	0	0
mmu-mir-374c-5p	4	1	5	7	3	0
mmu-mir-129-1-3p	2	2	3	4	4	7
mmu-mir-878-3p	2	4	5	6	0	7
mmu-mir-6956-3p	1	1	5	7	3	2
mmu-mir-6929-5p	1	0	5	4	7	4
mmu-mir-495-5p	7	1	2	2	1	1
mmu-mir-3098-5p	5	2	1	7	4	4
mmu-mir-3572-5p	0	1	0	7	0	3
mmu-mir-490-5p	2	7	0	1	0	3
mmu-mir-6901-3p	3	7	3	3	2	3
mmu-mir-486b-3p	3	1	6	7	0	1
mmu-mir-1960-5p	4	3	4	7	3	5
mmu-mir-8118-3p	5	0	4	7	3	4
mmu-mir-3070-1-5p	4	2	3	3	7	2
mmu-mir-1224-5p	7	6	4	3	1	2
mmu-mir-26a-1-3p	7	5	4	7	1	5
mmu-mir-5119-3p	0	0	7	0	0	1
mmu-mir-871-5p	7	1	7	6	6	3
mmu-mir-216b-3p	3	1	7	4	1	1
mmu-mir-3091-3p	5	6	7	3	1	6
mmu-mir-200c-5p	7	5	5	5	5	2
mmu-mir-5620-5p	6	1	3	7	0	1
mmu-mir-135a-2-3p	7	4	4	4	5	6
mmu-mir-1843a-3p	4	3	5	7	4	7
mmu-mir-3472-5p	3	4	3	7	7	2
mmu-mir-466f-4-5p	5	0	3	7	6	1
mmu-mir-3061-5p	7	2	7	4	4	2
mmu-mir-7659-5p	6	3	4	7	1	0
mmu-mir-1951-3p	3	2	2	7	0	3
mmu-mir-1941-3p	1	1	1	7	0	1
mmu-mir-6994-3p	6	3	4	4	5	1
mmu-mir-214-5p	2	1	6	5	1	0
mmu-mir-1198-3p	6	0	3	5	3	4
mmu-mir-505-5p	2	2	6	3	3	6
mmu-mir-3473e-3p	6	2	2	0	1	1
mmu-mir-6389-5p	4	0	5	4	0	6
mmu-mir-3091-5p	1	3	4	6	1	1
mmu-mir-3109-3p	1	3	3	6	0	6
mmu-mir-3077-3p	3	2	4	6	2	6
mmu-mir-3058-3p	1	2	4	6	1	0
mmu-mir-6997-5p	6	0	0	3	0	1
mmu-mir-5625-3p	1	2	2	6	4	3
mmu-mir-1938-3p	4	3	6	6	2	5
mmu-mir-467g-3p	2	5	1	6	4	1
mmu-mir-8120-5p	6	6	2	5	5	6
mmu-mir-6968-3p	0	2	1	6	1	2
mmu-mir-449a-3p	6	1	6	2	6	6
mmu-mir-8117-3p	5	1	1	2	6	2
mmu-mir-3113-3p	6	4	1	2	4	0
mmu-mir-1192-3p	2	3	1	3	1	6
mmu-mir-1955-3p	6	3	3	6	4	6
mmu-mir-193a-3p	3	3	2	6	0	1
mmu-mir-5110-5p	6	3	0	0	0	0
mmu-mir-8105-3p	2	3	3	6	0	2
mmu-mir-19a-5p	2	0	2	4	6	0
mmu-mir-138-1-3p	1	0	3	1	2	6
mmu-mir-7018-3p	2	2	6	5	0	2
mmu-mir-7655-3p	2	2	4	6	4	4
mmu-mir-1188-3p	1	1	2	6	1	6
mmu-mir-669j-3p	1	0	0	6	1	4
mmu-mir-466k-3p	5	1	4	6	4	6
mmu-mir-376c-5p	4	5	2	2	2	6
mmu-mir-743a-5p	4	2	5	6	2	6
mmu-mir-466m-5p	2	4	6	6	3	3
mmu-mir-487b-5p	6	2	2	5	1	3
mmu-mir-381-5p	1	1	3	4	4	6
mmu-mir-496a-5p	6	0	3	2	2	2
mmu-mir-3078-5p	0	3	0	0	4	6
mmu-mir-1950-5p	2	2	2	1	6	2
mmu-mir-6960-5p	6	2	2	3	1	1
mmu-mir-124-2-5p	3	2	2	4	2	6
mmu-mir-146b-3p	2	1	2	6	3	2
mmu-mir-669k-5p	3	6	5	4	2	2
mmu-mir-3098-3p	2	4	6	6	3	3
mmu-mir-7092-5p	0	5	3	2	3	4
mmu-mir-6901-5p	1	5	0	3	1	5
mmu-mir-6948-3p	4	5	4	5	1	4
mmu-mir-7069-5p	0	0	0	5	4	1
mmu-mir-7661-3p	4	2	5	4	4	3
mmu-mir-499-3p	1	2	1	3	0	5
mmu-mir-3070-1-3p	3	0	2	5	2	3
mmu-mir-7006-3p	5	0	1	3	5	2
mmu-mir-193b-5p	1	4	5	1	0	0
mmu-mir-7026-3p	5	0	1	0	0	0
mmu-mir-1956-3p	0	0	2	5	0	0
mmu-mir-7026-5p	5	0	2	5	0	4
mmu-mir-378d-5p	2	5	3	1	2	5
mmu-mir-24-2-3p	1	0	2	5	0	0
mmu-mir-450a-2-3p	2	1	0	5	3	5
mmu-mir-7038-5p	5	1	1	2	1	1
mmu-mir-692-2-5p	5	3	1	5	3	1
mmu-mir-5124a-3p	0	0	5	4	1	2
mmu-mir-100-3p	1	2	3	1	3	5
mmu-let-7f-1-5p	1	5	0	3	1	4
mmu-mir-7060-3p	0	0	5	2	2	2
mmu-mir-3109-5p	1	0	0	5	0	0
mmu-mir-3472-3p	3	2	2	5	1	1
mmu-mir-463-5p	1	1	0	4	5	1
mmu-mir-6929-3p	4	0	5	1	1	3
mmu-mir-429-5p	5	3	1	5	2	1
mmu-mir-743b-5p	0	0	1	3	5	2
mmu-mir-1928-3p	5	2	0	1	1	2
mmu-mir-186-3p	5	1	1	4	2	1
mmu-mir-6916-5p	1	0	5	1	1	0
mmu-mir-383-5p	3	3	2	5	0	0
mmu-mir-1966-3p	2	1	0	5	0	1
mmu-mir-1949-5p	0	0	2	5	4	1
mmu-mir-374c-3p	2	4	3	5	4	3
mmu-mir-7666-3p	1	2	3	5	1	1
mmu-mir-669p-2-3p	1	5	1	2	3	3
mmu-mir-5133-5p	5	2	0	0	1	0
mmu-mir-6238-3p	0	2	5	2	2	0
mmu-mir-466f-4-3p	2	0	4	5	2	0
mmu-mir-101a-5p	1	1	2	5	4	4
mmu-mir-3473g-3p	2	1	5	4	3	1
mmu-mir-3471-1-5p	5	0	1	4	1	1
mmu-mir-6902-3p	5	1	0	2	0	2
mmu-mir-1912-5p	3	2	0	3	2	4
mmu-mir-491-5p	0	3	4	4	0	2
mmu-mir-1932-3p	1	3	0	4	1	0
mmu-mir-3103-3p	4	2	3	4	1	4
mmu-mir-7083-3p	0	1	0	4	1	1
mmu-mir-5620-3p	4	0	4	3	1	0
mmu-mir-669j-5p	0	0	1	4	2	1
mmu-mir-7652-5p	4	0	0	1	1	0
mmu-mir-219a-2-5p	2	3	4	3	1	4
mmu-mir-5125-3p	3	2	3	4	0	0
mmu-mir-7063-5p	0	0	4	0	0	3
mmu-mir-7227-3p	0	0	4	3	0	1
mmu-mir-669d-2-3p	2	1	2	4	3	2
mmu-mir-6946-3p	1	3	3	4	2	2
mmu-mir-504-3p	1	4	1	2	0	1
mmu-mir-7043-3p	1	2	2	4	4	2
mmu-mir-1953-3p	2	4	3	2	0	2
mmu-mir-684-1-5p	2	4	0	2	2	0
mmu-mir-29b-1-5p	1	0	2	3	4	1
mmu-mir-471-3p	0	0	1	3	0	4
mmu-mir-7074-3p	2	1	2	4	0	1
mmu-mir-466i-5p	2	0	2	2	4	1
mmu-mir-7687-5p	0	0	4	0	1	2
mmu-mir-384-3p	0	4	4	3	1	4
mmu-mir-463-3p	1	0	1	4	0	2
mmu-mir-1969-5p	2	4	2	4	0	0
mmu-mir-384-5p	3	1	1	1	0	4
mmu-mir-1191b-5p	1	4	0	0	0	0
mmu-mir-883b-3p	4	0	0	1	1	2
mmu-mir-5108-3p	1	1	4	1	1	1
mmu-mir-758-5p	3	0	0	4	1	3
mmu-mir-1931-3p	3	0	2	4	2	2
mmu-mir-1231-5p	2	4	2	2	0	0
mmu-mir-7059-5p	1	3	2	2	1	4
mmu-mir-6897-3p	3	0	4	2	0	3
mmu-mir-5098-5p	3	0	4	2	2	2
mmu-mir-706-5p	1	1	3	4	2	3
mmu-mir-8112-5p	3	2	2	1	0	4
mmu-mir-668-5p	3	0	4	1	3	3
mmu-mir-1971-5p	2	2	4	1	0	4
mmu-mir-7222-3p	4	0	0	2	1	2
mmu-mir-7675-3p	0	4	0	3	0	0
mmu-mir-7045-3p	2	4	0	1	2	2
mmu-mir-7b-3p	1	1	0	1	3	4
mmu-mir-6935-5p	3	1	3	4	0	1
mmu-mir-466j-5p	2	0	3	4	2	1
mmu-mir-6914-3p	3	2	2	4	1	3
mmu-mir-760-5p	2	1	1	1	4	2
mmu-mir-7070-5p	0	1	1	4	0	3
mmu-mir-879-5p	2	0	2	4	0	0
mmu-mir-1912-3p	4	2	3	2	1	0
mmu-mir-3073a-3p	0	0	4	2	0	0
mmu-mir-29b-2-5p	3	1	3	4	2	2
mmu-mir-7067-3p	4	2	3	0	2	0
mmu-mir-3063-5p	1	0	1	4	2	3
mmu-mir-6948-5p	2	4	2	4	2	1
mmu-mir-6395-5p	1	2	4	4	2	2
mmu-mir-29b-2-3p	4	2	1	1	0	3
mmu-mir-7091-5p	2	0	3	4	1	2
mmu-mir-539-3p	3	2	3	3	4	1
mmu-mir-7021-3p	2	2	3	0	4	1
mmu-mir-8113-5p	4	3	0	1	0	0
mmu-mir-3095-3p	2	3	2	4	3	3
mmu-mir-5132-5p	3	2	1	0	4	1
mmu-mir-3092-3p	0	0	2	4	0	0
mmu-mir-7237-3p	4	2	3	3	1	2
mmu-mir-544-3p	3	0	2	3	4	0
mmu-mir-211-5p	1	4	3	1	1	2
mmu-mir-208a-3p	1	1	0	4	1	0
mmu-mir-6922-5p	0	0	4	3	0	0
mmu-mir-9-2-5p	1	1	1	1	1	3
mmu-mir-7648-3p	1	1	1	3	0	0
mmu-mir-5130-5p	1	1	0	3	0	2
mmu-mir-6933-5p	0	1	0	3	1	1
mmu-mir-592-3p	0	0	0	3	0	0
mmu-mir-216a-5p	0	0	0	3	1	3
mmu-mir-8095-5p	0	0	3	0	0	1
mmu-mir-5129-3p	1	1	2	3	0	1
mmu-mir-7052-3p	0	3	0	0	1	0
mmu-mir-7053-3p	2	3	2	3	3	3
mmu-mir-1933-5p	1	0	1	3	0	1
mmu-mir-6940-3p	1	1	3	1	0	1
mmu-mir-3108-3p	2	1	1	3	3	3
mmu-mir-5136-5p	3	0	0	1	1	1
mmu-mir-6941-3p	0	1	1	0	1	3
mmu-mir-7036b-5p	0	1	1	3	1	0
mmu-mir-216a-3p	0	0	0	0	0	3
mmu-mir-133b-3p	0	2	1	3	3	3
mmu-mir-6918-5p	1	1	2	0	2	3
mmu-mir-5136-3p	0	0	3	3	1	1
mmu-mir-7018-5p	3	1	1	3	0	1
mmu-mir-5134-3p	3	0	1	1	0	2
mmu-mir-98-3p	1	1	2	3	3	0
mmu-let-7a-1-5p	1	1	2	0	3	0
mmu-mir-1953-5p	3	2	0	1	0	0
mmu-mir-7024-5p	0	1	0	3	0	0
mmu-mir-7017-5p	1	3	1	1	0	1
mmu-mir-3112-3p	0	0	0	3	1	0
mmu-mir-138-2-3p	1	3	2	3	0	0
mmu-mir-1943-3p	2	0	0	3	2	0
mmu-mir-24-2-5p	0	0	0	3	0	1
mmu-mir-338-3p	1	1	0	3	0	1
mmu-mir-3110-3p	3	1	2	2	0	0
mmu-mir-5131-5p	3	1	0	0	0	0
mmu-mir-669c-3p	2	3	3	1	0	1
mmu-let-7i-3p	3	0	1	2	0	2
mmu-mir-7672-3p	2	3	2	1	0	0
mmu-mir-133a-2-5p	0	1	2	0	3	1
mmu-mir-7003-3p	1	0	0	2	3	3
mmu-mir-6959-5p	1	3	0	2	0	0
mmu-mir-7655-5p	2	2	3	1	1	0
mmu-mir-208b-3p	3	0	0	1	0	0
mmu-mir-7054-5p	0	1	3	0	0	3
mmu-mir-1938-5p	1	2	3	1	0	2
mmu-mir-297a-2-5p	2	3	2	0	1	1
mmu-mir-669d-3p	0	0	2	1	2	3
mmu-mir-6418-3p	0	0	2	3	1	0
mmu-mir-3112-5p	2	0	0	3	0	0
mmu-mir-7089-5p	0	3	1	1	3	3
mmu-mir-3067-3p	1	0	0	0	3	0
mmu-mir-1190-3p	3	1	1	1	0	0
mmu-mir-6546-3p	3	1	0	0	0	0
mmu-mir-7071-5p	3	0	0	0	0	0
mmu-mir-6996-3p	0	0	3	1	1	0
mmu-mir-6981-5p	1	1	0	1	3	1
mmu-mir-7682-3p	1	1	0	3	2	0
mmu-mir-138-2-5p	1	1	2	3	2	0
mmu-mir-1258-5p	2	3	2	2	0	0
mmu-mir-3618-3p	2	0	3	2	2	0
mmu-mir-146a-3p	0	0	3	1	0	0
mmu-mir-26a-1-5p	2	3	0	1	0	0
mmu-mir-5128-5p	0	1	0	3	1	0
mmu-mir-3089-3p	2	2	2	3	2	0
mmu-mir-28b-5p	0	0	1	3	0	0
mmu-mir-6935-3p	2	3	1	1	0	0
mmu-mir-1668-3p	1	1	1	2	3	3
mmu-mir-153-5p	0	3	0	0	0	1
mmu-mir-103-2-5p	2	2	0	3	0	0
mmu-mir-6516-5p	1	2	1	3	2	0
mmu-mir-214-3p	2	2	3	2	0	1
mmu-mir-5107-3p	0	0	0	3	0	0
mmu-mir-29a-5p	1	1	2	3	0	3
mmu-mir-466i-3p	0	3	0	3	0	2
mmu-mir-6905-3p	0	1	0	3	0	0
mmu-mir-6937-5p	3	0	1	1	1	2
mmu-mir-3471-2-5p	3	2	1	1	0	1
mmu-mir-6928-3p	1	0	3	2	1	0
mmu-mir-1247-5p	2	0	2	3	2	1
mmu-mir-7078-5p	1	3	1	0	1	0
mmu-mir-125b-2-5p	2	1	0	3	0	0
mmu-mir-3473c-3p	2	1	2	2	2	3
mmu-mir-6955-5p	2	2	0	2	3	0
mmu-let-7f-2-3p	2	2	0	3	1	1
mmu-mir-6931-3p	0	2	1	3	2	1
mmu-mir-6964-3p	3	0	1	1	0	0
mmu-mir-6953-3p	0	0	3	1	0	0
mmu-mir-466p-3p	0	2	0	3	0	1
mmu-mir-6358-3p	3	1	2	0	0	1
mmu-mir-8106-3p	3	2	0	0	0	0
mmu-mir-203-5p	2	3	0	1	2	3
mmu-mir-8119-5p	0	0	3	1	0	0
mmu-mir-7118-3p	3	3	3	2	1	0
mmu-mir-3113-5p	3	2	0	1	1	0
mmu-mir-6903-3p	2	2	1	3	0	1
mmu-mir-7003-5p	3	1	0	2	0	2
mmu-mir-196a-2-3p	2	0	1	2	1	0
mmu-mir-6393-3p	0	0	0	2	0	0
mmu-mir-5621-3p	2	0	1	1	1	0
mmu-mir-1249-5p	2	0	1	0	1	0
mmu-mir-7669-5p	1	0	0	2	1	0
mmu-mir-194-1-5p	0	1	2	0	1	1
mmu-mir-6971-3p	2	0	1	0	0	0
mmu-mir-6928-5p	0	0	0	0	2	1
mmu-mir-3064-3p	0	0	0	2	1	1
mmu-mir-5133-3p	2	0	1	0	2	1
mmu-mir-718-5p	2	0	1	0	2	2
mmu-mir-8091-3p	2	0	0	0	0	0
mmu-mir-8095-3p	0	0	0	0	2	0
mmu-mir-547-3p	0	0	0	1	2	0
mmu-mir-7660-3p	1	1	0	2	0	1
mmu-mir-3154-3p	0	0	0	1	0	2
mmu-mir-6377-5p	0	0	0	2	0	0
mmu-mir-6998-5p	1	0	0	2	0	0
mmu-mir-1958-5p	0	0	2	0	0	0
mmu-mir-1950-3p	1	1	0	1	0	2
mmu-mir-6972-3p	2	0	1	0	1	0
mmu-mir-697-3p	0	0	2	1	0	0
mmu-mir-468-3p	0	0	1	2	1	0
mmu-mir-7685-3p	2	0	1	0	1	0
mmu-mir-24-1-3p	0	2	0	1	0	0
mmu-mir-491-3p	0	2	0	1	0	1
mmu-mir-7080-5p	2	0	0	1	1	1
mmu-mir-344c-3p	2	2	2	2	2	0
mmu-mir-6943-3p	2	0	1	2	2	1
mmu-mir-7065-3p	1	1	1	2	0	0
mmu-mir-3104-3p	0	0	0	2	0	0
mmu-mir-6960-3p	0	0	2	0	0	0
mmu-mir-680-2-3p	0	0	2	0	1	1
mmu-mir-6944-5p	0	0	2	0	0	0
mmu-mir-5134-5p	2	0	0	1	0	1
mmu-mir-7667-5p	2	2	0	1	2	2
mmu-mir-935-5p	2	2	1	2	0	1
mmu-mir-6970-5p	1	0	0	2	0	1
mmu-mir-6921-3p	2	1	1	0	1	2
mmu-mir-683-2-5p	0	0	0	0	0	2
mmu-mir-6956-5p	2	2	0	1	0	0
mmu-mir-6976-3p	0	1	1	1	2	2
mmu-mir-669b-5p	1	0	2	1	0	0
mmu-mir-3618-5p	1	1	2	1	2	1
mmu-mir-6988-5p	2	0	0	0	1	0
mmu-mir-6912-3p	0	0	1	0	1	2
mmu-mir-6950-3p	1	1	2	2	0	0
mmu-mir-719-3p	1	1	1	1	0	2
mmu-mir-3103-5p	1	0	2	0	0	0
mmu-mir-5615-1-3p	2	2	1	1	0	0
mmu-mir-466b-3-5p	0	0	0	2	0	0
mmu-mir-6348-5p	0	0	1	2	0	1
mmu-mir-6946-5p	0	0	0	2	1	0
mmu-mir-6400-3p	0	0	2	0	0	0
mmu-mir-3067-5p	0	1	0	0	1	2
mmu-mir-7035-5p	0	0	0	0	2	0
mmu-mir-7071-3p	1	0	1	0	1	2
mmu-mir-7079-5p	1	1	0	2	0	0
mmu-mir-6906-5p	2	0	0	1	0	0
mmu-mir-466h-3p	0	0	2	1	0	1
mmu-mir-6913-3p	2	0	0	2	2	2
mmu-let-7c-1-5p	0	0	2	1	0	0
mmu-mir-6353-3p	2	1	0	0	0	0
mmu-mir-448-5p	0	0	0	0	0	2
mmu-mir-1a-1-5p	0	0	1	2	1	1
mmu-mir-3569-3p	0	2	0	2	1	1
mmu-mir-6998-3p	0	1	2	2	1	2
mmu-mir-5104-5p	1	1	2	2	1	0
mmu-mir-3087-3p	1	0	1	2	0	1
mmu-mir-7031-5p	1	1	0	2	1	0
mmu-mir-7659-3p	0	0	0	2	0	0
mmu-mir-7054-3p	2	0	0	0	0	2
mmu-mir-6345-5p	0	0	0	0	2	1
mmu-mir-7212-5p	2	0	0	1	0	0
mmu-mir-5131-3p	0	0	0	2	0	0
mmu-mir-6344-3p	0	0	2	0	0	0
mmu-mir-8102-5p	1	0	2	0	0	0
mmu-mir-421-5p	1	1	1	1	2	2
mmu-mir-6336-3p	0	2	0	0	0	0
mmu-let-7j-5p	1	1	2	0	1	1
mmu-mir-7650-3p	2	0	2	1	0	2
mmu-mir-6985-3p	0	0	0	2	0	0
mmu-mir-5118-5p	0	0	0	0	0	2
mmu-mir-6412-5p	2	1	0	0	0	0
mmu-mir-7226-5p	0	0	0	0	0	2
mmu-mir-5132-3p	0	1	0	0	0	2
mmu-mir-7042-5p	1	1	1	2	0	1
mmu-mir-8091-5p	2	0	0	0	0	0
mmu-mir-5709-5p	1	0	2	0	0	0
mmu-mir-8108-5p	2	0	1	2	0	0
mmu-mir-6340-5p	0	0	0	2	0	0
mmu-mir-6947-5p	1	2	0	1	0	0
mmu-mir-7651-5p	1	1	0	1	0	2
mmu-mir-7016-3p	0	0	2	1	0	0
mmu-mir-1224-3p	0	0	0	2	1	1
mmu-mir-3058-5p	0	2	2	1	0	0
mmu-mir-7011-3p	2	0	0	0	1	0
mmu-mir-6913-5p	1	2	0	0	0	0
mmu-mir-6959-3p	1	2	1	0	0	0
mmu-mir-6951-5p	2	0	1	1	0	0
mmu-mir-144-3p	0	0	0	0	0	2
mmu-mir-6999-5p	0	0	2	0	0	0
mmu-mir-3095-5p	2	1	1	2	2	0
mmu-mir-7048-3p	0	0	2	2	0	1
mmu-mir-7663-3p	1	1	2	0	0	0
mmu-mir-8092-3p	2	1	0	0	1	0
mmu-mir-7002-5p	2	0	0	1	0	0
mmu-mir-137-3p	0	0	0	2	0	1
mmu-mir-1947-3p	0	1	0	2	0	1
mmu-mir-8094-3p	0	0	2	0	1	0
mmu-mir-717-3p	0	0	0	2	0	0
mmu-mir-3960-3p	0	0	1	1	1	2
mmu-mir-6926-5p	0	0	2	0	0	0
mmu-let-7g-3p	1	0	1	2	1	0
mmu-mir-6362-5p	2	1	0	2	0	0
mmu-mir-194-1-3p	2	0	0	0	0	0
mmu-mir-7023-3p	1	0	0	0	0	2
mmu-mir-3106-3p	1	0	0	2	0	1
mmu-mir-680-2-5p	2	1	0	1	0	0
mmu-mir-30c-1-5p	2	0	0	1	0	1
mmu-mir-7664-3p	0	1	0	2	0	0
mmu-mir-30f-3p	2	0	0	0	0	0
mmu-mir-5616-5p	2	0	1	1	1	0
mmu-mir-686-5p	2	0	0	1	0	1
mmu-mir-1264-5p	1	1	1	2	0	0
mmu-mir-6907-5p	0	2	1	0	0	1
mmu-mir-6388-3p	1	0	2	0	0	2
mmu-mir-7046-5p	1	2	0	0	0	0
mmu-mir-1197-5p	1	2	1	1	1	0
mmu-mir-7049-5p	1	0	0	1	0	2
mmu-mir-3962-3p	1	0	2	0	1	0
mmu-mir-7677-3p	0	0	0	0	0	2
mmu-mir-196b-3p	2	0	1	0	0	1
mmu-mir-7656-5p	0	2	0	1	0	0
mmu-mir-6993-3p	0	0	0	2	1	0
mmu-mir-7653-5p	2	2	1	2	1	0
mmu-mir-5616-3p	0	1	2	2	0	1
mmu-mir-3076-5p	2	1	0	1	0	1
mmu-mir-1298-3p	2	0	1	2	1	2
mmu-mir-7094-1-3p	0	0	1	0	0	2
mmu-mir-3970-5p	1	1	0	0	1	2
mmu-mir-5104-3p	0	1	1	1	2	0
mmu-mir-9-1-3p	2	1	0	0	0	1
mmu-mir-881-5p	2	0	0	0	0	0
mmu-mir-544-5p	0	1	0	2	0	1
mmu-mir-6356-3p	0	0	0	1	2	0
mmu-mir-6992-3p	1	0	0	2	0	0
mmu-mir-1928-5p	2	1	1	1	0	1
mmu-mir-7063-3p	0	1	0	2	0	2
mmu-mir-7020-3p	2	0	0	0	0	0
mmu-mir-6383-5p	0	0	0	2	0	0
mmu-mir-6967-2-5p	1	2	0	1	2	2
mmu-mir-7654-5p	0	2	1	0	0	1
mmu-mir-7092-3p	2	1	1	0	0	0
mmu-mir-5119-5p	0	2	0	2	0	2
mmu-mir-5621-5p	2	1	0	1	0	1
mmu-mir-7239-3p	2	1	0	1	0	0
mmu-mir-6925-5p	0	0	0	0	2	0
mmu-mir-7049-3p	0	0	1	2	0	0
mmu-mir-467f-5p	0	1	2	1	0	0
mmu-mir-3108-5p	0	1	0	2	1	0
mmu-mir-5121-5p	0	0	2	0	0	0
mmu-mir-7059-3p	0	0	2	0	1	0
mmu-mir-1892-5p	2	0	0	0	0	0
mmu-mir-5626-3p	0	0	2	0	0	0
mmu-mir-7081-3p	2	1	0	0	1	0
mmu-mir-7235-3p	1	0	2	2	1	0
mmu-mir-6977-3p	1	1	1	2	0	1
mmu-mir-3057-3p	0	2	2	0	1	0
mmu-mir-7665-5p	0	2	0	0	1	1
mmu-mir-7649-5p	2	0	0	1	0	0
mmu-mir-3572-3p	2	1	1	2	2	2
mmu-mir-8119-3p	0	0	2	0	0	0
mmu-mir-3088-3p	0	0	1	1	0	2
mmu-mir-201-5p	0	2	0	0	0	0
mmu-mir-1231-3p	0	2	1	1	1	0
mmu-mir-488-5p	2	0	0	0	1	0
mmu-mir-7649-3p	0	0	0	2	1	0
mmu-mir-694-3p	0	0	0	2	0	0
mmu-let-7f-1-3p	0	1	2	0	0	1
mmu-mir-7066-3p	2	0	1	0	1	1
mmu-mir-682-5p	1	2	2	1	2	2
mmu-mir-7017-3p	0	0	0	0	2	0
mmu-mir-187-5p	2	2	0	1	1	2
mmu-mir-7673-5p	0	1	0	0	0	0
mmu-mir-7225-5p	0	0	0	0	0	1
mmu-mir-7036a-5p	1	0	0	0	0	1
mmu-mir-7084-5p	0	0	0	1	0	0
mmu-mir-7084-3p	0	1	1	1	0	0
mmu-mir-6392-5p	0	0	0	0	0	1
mmu-mir-7081-5p	0	0	0	0	0	1
mmu-mir-763-5p	0	1	0	0	0	0
mmu-mir-5619-5p	0	1	0	0	0	0
mmu-mir-21c-3p	0	0	0	1	0	0
mmu-mir-7238-5p	0	1	0	0	0	1
mmu-mir-6942-5p	1	0	1	0	0	0
mmu-mir-5112-3p	0	0	0	0	0	1
mmu-mir-1907-5p	0	1	0	0	0	0
mmu-mir-7012-3p	1	0	1	0	0	0
mmu-mir-7681-5p	0	0	0	0	0	1
mmu-mir-6974-3p	0	0	1	0	0	0
mmu-mir-6537-5p	0	0	0	0	1	0
mmu-mir-223-3p	0	0	1	1	0	1
mmu-mir-107-5p	1	0	0	0	0	0
mmu-mir-7031-3p	0	0	0	0	0	1
mmu-mir-8093-5p	1	0	1	1	0	0
mmu-mir-6990-3p	0	0	0	0	0	1
mmu-mir-1967-5p	0	0	1	1	0	1
mmu-mir-8118-5p	0	0	0	0	0	1
mmu-mir-678-5p	0	0	0	1	0	0
mmu-mir-6984-3p	0	0	0	1	1	0
mmu-mir-3081-5p	0	1	1	0	1	0
mmu-mir-6914-5p	1	1	0	0	0	0
mmu-mir-3093-3p	0	0	0	1	0	0
mmu-mir-8097-5p	0	0	1	0	0	0
mmu-mir-7242-5p	0	0	0	1	0	0
mmu-mir-6945-5p	0	0	0	1	0	0
mmu-mir-5625-5p	0	0	0	0	0	1
mmu-mir-6394-5p	0	0	1	1	0	0
mmu-mir-3074-2-3p	0	0	0	1	0	1
mmu-mir-6955-3p	0	0	0	0	1	1
mmu-mir-675-5p	0	0	1	0	0	0
mmu-mir-705-3p	1	0	0	0	1	0
mmu-mir-6359-3p	0	0	0	0	1	0
mmu-mir-223-5p	0	0	1	0	0	0
mmu-mir-3100-3p	0	1	0	1	0	0
mmu-mir-6996-5p	1	0	0	0	0	0
mmu-mir-701-3p	1	1	0	1	0	0
mmu-mir-8099-1-3p	0	0	0	0	1	0
mmu-mir-199a-2-3p	0	1	1	0	1	1
mmu-mir-5122-3p	1	1	0	1	0	0
mmu-mir-3070-2-5p	1	0	0	0	0	0
mmu-mir-6384-5p	0	0	0	0	1	0
mmu-mir-7221-3p	0	0	0	1	0	0
mmu-mir-3547-5p	0	0	0	0	1	0
mmu-mir-6344-5p	0	0	0	1	1	0
mmu-mir-6919-5p	0	0	0	1	0	0
mmu-mir-6419-3p	1	0	0	0	0	0
mmu-mir-6351-3p	0	1	1	0	0	0
mmu-mir-6962-3p	0	0	0	1	1	1
mmu-mir-3069-5p	0	0	0	0	0	1
mmu-mir-704-5p	0	0	0	1	1	0
mmu-mir-432-3p	0	0	1	1	0	0
mmu-mir-1966-5p	1	0	0	1	0	0
mmu-mir-344-2-5p	0	1	0	0	0	0
mmu-mir-466q-3p	1	0	1	0	0	0
mmu-mir-6915-5p	0	0	0	1	1	0
mmu-mir-6950-5p	0	1	0	1	1	0
mmu-mir-1969-3p	0	0	0	0	0	1
mmu-mir-7069-3p	0	0	1	0	1	0
mmu-mir-5124a-5p	0	0	0	1	0	0
mmu-mir-6991-5p	1	1	0	0	0	0
mmu-mir-449b-5p	0	0	0	0	0	1
mmu-mir-207-3p	1	0	0	0	1	0
mmu-mir-7034-5p	1	0	0	0	0	0
mmu-mir-7212-3p	0	0	0	1	0	0
mmu-mir-6938-3p	0	0	0	1	0	0
mmu-mir-6392-3p	0	0	0	0	0	1
mmu-mir-3547-3p	0	0	1	0	0	0
mmu-mir-3552-3p	0	0	1	0	0	0
mmu-let-7b-3p	0	0	0	0	1	0
mmu-mir-6925-3p	0	0	0	1	1	1
mmu-mir-692-1-5p	1	0	0	0	0	0
mmu-mir-1927-5p	0	1	1	0	0	1
mmu-mir-7658-3p	0	0	1	1	0	0
mmu-mir-6961-5p	1	0	0	0	0	0
mmu-mir-8100-3p	1	0	0	0	0	0
mmu-mir-1970-3p	1	0	0	0	1	1
mmu-mir-6341-3p	0	0	1	0	0	0
mmu-mir-2139-5p	0	0	0	1	1	0
mmu-mir-6352-5p	1	0	0	1	0	0
mmu-mir-1893-3p	1	0	0	0	1	0
mmu-mir-1894-5p	0	0	0	1	0	0
mmu-mir-124-2-3p	0	0	0	1	0	0
mmu-mir-6923-3p	1	0	0	0	0	0
mmu-mir-6417-3p	0	0	0	0	0	1
mmu-mir-6973a-5p	0	0	0	0	1	0
mmu-mir-6405-5p	1	0	0	0	0	0
mmu-mir-130c-5p	1	0	0	0	0	0
mmu-mir-7662-3p	0	1	0	0	0	0
mmu-mir-7684-3p	0	0	0	1	0	0
mmu-mir-7032-5p	0	0	0	1	0	0
mmu-mir-7064-5p	0	0	0	1	1	0
mmu-mir-6923-5p	1	0	0	0	0	0
mmu-mir-6396-3p	0	0	0	0	1	0
mmu-mir-6919-3p	0	0	1	1	0	1
mmu-mir-6908-3p	0	0	1	0	0	0
mmu-mir-1903-3p	1	1	0	1	0	1
mmu-mir-7668-3p	0	0	0	0	0	1
mmu-mir-7237-5p	1	0	0	1	1	1
mmu-mir-6351-5p	0	0	1	1	0	0
mmu-mir-874-5p	0	0	0	0	0	1
mmu-mir-450a-2-5p	0	0	1	0	0	1
mmu-mir-344-1-5p	0	1	1	0	1	1
mmu-mir-6537-3p	1	0	1	0	0	0
mmu-mir-7060-5p	0	0	1	0	0	0
mmu-let-7k-5p	1	0	1	0	0	0
mmu-mir-466b-6-5p	1	1	0	0	0	0
mmu-mir-7119-5p	0	0	1	1	0	0
mmu-mir-1971-3p	0	0	1	0	0	1
mmu-mir-546-3p	0	0	1	1	0	0
mmu-mir-7668-5p	1	0	0	0	1	0
mmu-mir-1958-3p	0	1	0	1	0	0
mmu-mir-6982-5p	0	1	0	0	0	0
mmu-mir-6379-5p	0	0	0	1	0	0
mmu-mir-6912-5p	1	0	1	0	1	0
mmu-mir-7057-3p	0	0	1	0	0	0
mmu-mir-6984-5p	1	0	0	0	1	0
mmu-mir-6966-5p	1	1	0	0	0	0
mmu-mir-5710-3p	1	0	0	1	0	1
mmu-mir-6405-3p	0	1	1	1	0	1
mmu-mir-7679-3p	0	0	0	1	0	0
mmu-mir-7085-5p	1	0	0	0	0	0
mmu-mir-6900-5p	0	1	1	1	1	1
mmu-mir-7005-5p	0	0	0	1	0	0
mmu-mir-6899-5p	0	0	0	1	0	0
mmu-mir-7019-3p	1	0	0	0	0	0
mmu-mir-6907-3p	0	1	0	0	0	0
mmu-mir-669o-3p	0	0	0	0	0	1
mmu-mir-680-3-3p	0	1	0	0	0	0
mmu-mir-451a-3p	0	0	0	1	0	0
mmu-mir-7041-3p	1	0	0	1	0	0
mmu-mir-1903-5p	1	0	1	0	0	0
mmu-mir-3083-5p	0	1	0	0	0	0
mmu-mir-6934-5p	1	0	0	1	0	0
mmu-mir-7019-5p	0	1	0	0	0	0
mmu-mir-6381-3p	0	0	0	1	1	0
mmu-mir-1893-5p	0	0	0	0	0	1
mmu-mir-7231-3p	1	0	0	0	0	0
mmu-mir-706-3p	1	1	1	0	0	0
mmu-mir-2183-5p	0	0	0	1	0	0
mmu-mir-691-5p	0	1	0	0	0	0
mmu-mir-883b-5p	0	0	0	1	0	0
mmu-mir-7028-3p	0	0	1	0	0	0
mmu-mir-688-3p	0	0	0	0	1	0
mmu-mir-6994-5p	1	0	1	1	1	0
mmu-mir-6403-3p	0	0	0	1	0	0
mmu-mir-7674-3p	0	0	0	0	0	1
mmu-mir-1b-3p	1	0	0	0	0	0
mmu-mir-6986-5p	0	1	0	1	0	0
mmu-mir-6374-3p	1	1	0	0	0	0
mmu-mir-7033-3p	0	0	0	0	1	0
mmu-mir-6406-5p	0	0	0	1	0	0
mmu-mir-1948-5p	0	0	0	1	0	0
mmu-mir-5113-3p	0	0	1	0	1	1
mmu-mir-7034-3p	1	0	0	0	1	0
mmu-mir-710-3p	0	0	0	1	0	0
mmu-mir-5618-5p	0	0	1	1	0	0
mmu-mir-6898-5p	1	1	1	1	0	1
mmu-mir-6993-5p	0	0	0	1	1	0
mmu-mir-1941-5p	0	1	0	0	0	0
mmu-mir-5617-5p	1	0	1	0	1	1
mmu-mir-1906-2-3p	1	0	0	0	1	0
mmu-mir-6411-5p	1	0	0	1	0	0
mmu-mir-8116-3p	0	0	1	0	0	0
mmu-mir-7009-5p	0	1	0	1	0	1
mmu-mir-713-5p	0	1	0	0	0	0
mmu-mir-6927-5p	1	1	0	0	0	0
mmu-mir-1894-3p	0	0	0	0	0	1
mmu-mir-7036a-3p	0	1	0	0	0	1
mmu-mir-1931-5p	0	1	0	0	0	0
mmu-mir-6910-3p	0	0	0	1	0	0
mmu-mir-6918-3p	0	0	0	0	1	1
mmu-mir-6354-5p	0	0	1	0	0	0
mmu-mir-711-5p	0	0	1	0	0	0
mmu-mir-2136-3p	0	0	0	0	1	1
mmu-mir-218-1-3p	1	1	1	1	0	0
mmu-mir-6964-5p	1	0	1	0	0	0
mmu-mir-5135-3p	1	0	0	0	0	0
mmu-mir-3101-3p	0	1	0	0	0	0
mmu-mir-7117-3p	1	0	0	1	0	0
mmu-mir-8107-3p	0	0	1	0	0	0
mmu-mir-449b-3p	0	0	1	0	0	0
mmu-mir-6402-3p	0	0	1	0	0	0
mmu-mir-124-1-3p	0	0	0	0	0	1
mmu-mir-343-3p	0	0	1	0	0	0
mmu-mir-1956-5p	0	0	1	0	0	0
mmu-mir-7032-3p	0	0	1	0	0	0
mmu-mir-215-3p	0	0	0	1	0	0
mmu-mir-7038-3p	0	0	1	0	0	0
mmu-mir-6906-3p	0	0	1	0	0	0
mmu-mir-192-3p	1	0	0	1	0	0
mmu-mir-8111-3p	1	0	1	1	0	0
mmu-mir-5116-5p	0	1	0	0	0	0
mmu-mir-6917-3p	0	1	0	0	0	0
mmu-mir-142b-3p	0	0	0	0	1	0
mmu-mir-467d-3p	0	0	1	0	0	0
mmu-mir-6363-5p	0	1	0	0	0	0
mmu-mir-6362-3p	0	0	1	0	0	0
mmu-mir-5135-5p	1	0	0	1	1	0
mmu-mir-6936-3p	0	0	1	0	0	0
mmu-mir-5118-3p	0	0	0	1	0	0
mmu-mir-1192-5p	1	0	1	0	0	0
mmu-mir-8100-5p	0	0	1	1	1	0
mmu-mir-290b-3p	0	0	1	0	0	0
mmu-mir-767-5p	0	0	0	1	1	0
mmu-mir-7004-3p	0	0	0	0	1	0
mmu-mir-5100-5p	0	0	0	1	0	0
mmu-mir-6407-5p	1	0	0	0	0	0
mmu-mir-190b-3p	0	0	1	0	1	0
mmu-mir-7067-5p	0	1	0	1	0	0
mmu-mir-467h-5p	1	0	1	1	0	1
mmu-mir-5627-5p	0	1	0	0	0	0
mmu-mir-7028-5p	0	0	0	1	0	1
mmu-mir-6898-3p	0	0	0	0	1	0
mmu-mir-7012-5p	1	0	0	1	1	0
mmu-mir-6419-5p	0	0	0	1	0	0
mmu-mir-7674-5p	0	0	1	1	0	0
mmu-mir-7688-5p	0	0	0	1	0	0
mmu-mir-6981-3p	0	1	1	1	0	0
mmu-mir-7022-5p	1	0	0	0	0	0
mmu-mir-7020-5p	0	1	0	0	0	0
mmu-mir-7005-3p	1	0	0	0	0	0
mmu-mir-6340-3p	0	0	0	0	1	0
mmu-mir-7061-3p	1	0	1	0	0	0
mmu-mir-7042-3p	0	1	1	1	0	0
mmu-mir-1191b-3p	1	0	1	1	0	1
mmu-mir-7082-3p	1	0	0	1	0	0
mmu-mir-5626-5p	0	1	0	1	0	0
mmu-mir-6978-3p	0	1	0	0	0	0
mmu-mir-2139-3p	0	0	1	0	0	0
mmu-mir-1962-5p	0	0	0	1	0	0
mmu-mir-6896-3p	1	0	0	1	0	0
mmu-mir-669a-1-3p	0	0	0	0	0	1
mmu-mir-5107-5p	0	0	0	1	0	0
mmu-mir-7676-2-3p	0	0	1	0	0	0
mmu-mir-7085-3p	0	0	0	1	0	0
mmu-mir-6991-3p	0	1	0	0	0	1
mmu-mir-7683-3p	0	1	0	1	1	0
mmu-mir-7675-5p	0	1	1	0	1	0
mmu-mir-6390-5p	1	0	0	1	0	1
mmu-mir-686-3p	1	0	1	1	0	0
mmu-mir-6370-3p	1	0	1	1	0	0
mmu-mir-5125-5p	1	0	0	0	0	0
mmu-mir-6965-5p	1	0	0	0	0	0
mmu-mir-6973b-5p	0	1	0	0	0	0
mmu-mir-6987-3p	0	0	0	0	1	0
mmu-mir-713-3p	1	0	0	1	0	1
mmu-mir-7670-3p	1	0	0	0	0	1
mmu-mir-7056-3p	0	0	0	0	0	1
mmu-mir-669d-5p	0	1	1	0	0	1
mmu-mir-2861-3p	0	1	0	0	0	1
mmu-mir-3097-5p	0	0	0	1	1	1
mmu-mir-1929-3p	0	1	0	1	1	0
mmu-mir-7119-3p	0	0	1	0	0	1
mmu-mir-6902-5p	0	0	1	0	0	1
mmu-mir-6339-5p	0	0	0	1	0	0
mmu-mir-680-1-5p	1	0	0	0	0	0
mmu-mir-6975-5p	0	0	1	0	0	0
mmu-mir-683-2-3p	1	0	0	1	0	0
mmu-mir-6963-5p	1	0	1	1	1	0
mmu-mir-7027-3p	0	1	1	0	1	1
mmu-mir-7243-3p	0	0	1	0	0	0
mmu-mir-7654-3p	1	0	0	1	0	0
mmu-mir-8105-5p	0	0	0	1	0	0
mmu-mir-3473g-5p	1	0	0	0	0	0
mmu-mir-133b-5p	0	0	0	0	1	0
mmu-mir-5114-3p	1	0	0	0	0	0
mmu-mir-297c-3p	1	0	0	0	0	0
mmu-mir-7687-3p	0	0	1	0	0	0
mmu-mir-6370-5p	0	0	1	0	0	0
mmu-mir-8107-5p	0	0	0	1	0	0
mmu-mir-6962-5p	0	0	1	1	0	1
mmu-mir-7000-5p	0	0	0	1	0	0
mmu-mir-190a-3p	0	0	0	1	1	1
mmu-mir-6954-3p	1	1	1	0	0	0
mmu-mir-7047-3p	0	0	0	0	0	1
mmu-mir-1982-5p	0	0	0	1	0	1
mmu-mir-6391-3p	0	0	0	0	0	1
mmu-mir-6954-5p	1	0	0	1	0	1
mmu-mir-6909-5p	0	1	0	0	1	0
mmu-mir-6345-3p	0	1	0	1	0	0
mmu-mir-876-3p	0	0	1	0	0	0
mmu-mir-7037-3p	0	1	0	0	0	0
mmu-mir-804-5p	0	0	0	0	1	0
mmu-mir-7090-5p	0	0	0	1	0	0
mmu-mir-374b-5p	0	1	0	1	0	0
mmu-mir-7041-5p	1	0	1	0	0	0
mmu-mir-7661-5p	0	0	0	1	0	0
mmu-mir-6939-3p	0	1	0	0	0	0
mmu-mir-6373-3p	0	0	0	1	0	0
mmu-mir-879-3p	0	0	0	1	0	0
mmu-mir-551b-3p	0	0	0	1	0	0
mmu-mir-202-5p	1	0	1	1	0	1
mmu-mir-8098-5p	0	0	0	0	0	1
mmu-mir-3075-5p	0	0	0	1	0	0
mmu-mir-6963-3p	0	0	0	1	1	1
mmu-mir-6386-3p	1	0	0	1	0	0
mmu-mir-7647-5p	0	0	1	0	1	0
mmu-mir-8101-5p	1	0	0	0	1	1
mmu-mir-204-3p	0	0	1	0	0	0
mmu-mir-711-3p	0	0	0	1	0	0
mmu-mir-5624-3p	0	0	0	1	0	0
mmu-mir-465a-3p	0	0	1	0	0	0
mmu-mir-6971-5p	0	1	0	0	0	0
mmu-mir-7013-5p	1	1	0	1	0	0
mmu-mir-7228-3p	0	0	0	0	1	0
mmu-mir-6376-5p	0	0	0	0	1	0
mmu-mir-5627-3p	0	0	0	1	0	0
mmu-mir-7230-5p	0	1	0	1	1	0
mmu-mir-7001-3p	1	0	0	0	0	0
mmu-mir-6398-3p	0	1	0	0	0	0
mmu-mir-130c-3p	0	0	0	1	0	0
mmu-mir-6769b-3p	0	1	1	0	0	0
mmu-mir-6976-5p	0	0	0	1	0	0
mmu-mir-1957a-3p	1	0	0	1	0	0
mmu-mir-6407-3p	0	0	0	0	0	1
mmu-mir-7211-3p	0	0	1	0	1	1
mmu-mir-6951-3p	1	0	1	0	0	0
mmu-mir-6358-5p	0	0	0	0	0	1
mmu-mir-6382-3p	0	1	0	0	0	0
mmu-mir-698-3p	0	0	1	0	0	1
mmu-mir-292b-5p	0	1	0	0	0	1
mmu-mir-3552-5p	1	1	0	1	0	1
mmu-mir-1907-3p	0	0	1	0	1	1
mmu-mir-3094-5p	0	1	0	0	0	0
mmu-mir-378b-5p	0	0	0	1	0	0
mmu-mir-3089-5p	0	1	1	0	0	0
mmu-mir-7047-5p	0	0	0	1	0	0
mmu-mir-3105-5p	0	0	0	1	0	0
mmu-mir-6999-3p	0	0	0	0	0	1
mmu-mir-1902-3p	0	0	1	0	0	0
mmu-let-7c-1-3p	0	0	1	0	0	0
mmu-mir-1668-5p	0	0	1	0	0	0
mmu-mir-6360-5p	0	1	0	0	0	0
mmu-mir-7242-3p	1	0	0	0	0	0
mmu-mir-8101-3p	0	1	1	0	0	0
mmu-mir-5120-5p	0	0	0	1	1	0
mmu-mir-6360-3p	0	0	0	1	0	0
mmu-let-7a-1-3p	0	1	0	1	1	0
mmu-mir-5618-3p	0	0	0	1	0	0
mmu-mir-7656-3p	0	0	1	0	0	0
mmu-mir-7000-3p	1	1	1	1	0	0
mmu-mir-6969-3p	0	0	0	0	1	1
mmu-mir-6958-5p	0	0	0	0	0	1
mmu-mir-7044-5p	0	1	0	0	1	1
mmu-mir-7211-5p	0	0	0	0	0	1
mmu-mir-6911-5p	0	0	1	1	0	1
mmu-mir-3964-3p	0	0	0	1	0	0
mmu-mir-6394-3p	0	0	1	0	0	0
mmu-mir-6335-3p	0	0	1	0	0	0
mmu-mir-7672-5p	1	0	0	0	0	0
mmu-mir-7016-5p	0	1	0	0	0	1
mmu-mir-199a-1-3p	0	1	0	0	0	0
mmu-mir-691-3p	0	0	0	1	0	0
mmu-mir-6367-5p	0	0	1	1	0	0
mmu-mir-7008-5p	1	0	0	0	0	0
mmu-mir-6931-5p	0	0	0	1	0	0
mmu-mir-99a-3p	0	0	0	1	0	0
mmu-mir-3085-5p	0	1	0	1	0	0
mmu-mir-6942-3p	0	0	1	0	0	0
mmu-mir-6986-3p	1	1	1	0	0	0
mmu-mir-7214-5p	0	0	0	1	0	0
mmu-mir-3473a-5p	1	1	0	0	0	1
mmu-mir-6363-3p	0	0	0	0	1	0
mmu-mir-6978-5p	0	0	0	0	1	0
mmu-mir-344e-3p	1	0	0	0	0	0
mmu-mir-3062-3p	0	0	0	1	0	0
mmu-mir-6915-3p	0	1	0	0	0	1
mmu-mir-6418-5p	0	0	0	1	0	1
mmu-mir-590-3p	0	0	0	0	0	1
mmu-mir-6952-5p	0	0	1	1	0	0
mmu-mir-7222-5p	0	0	1	0	0	1
mmu-mir-3079-3p	0	0	1	1	1	0
mmu-mir-6973b-3p	1	0	1	0	0	0
mmu-mir-6406-3p	0	0	1	0	1	1
mmu-mir-8090-3p	0	0	1	1	0	1
mmu-mir-6413-5p	0	1	0	0	0	0
mmu-mir-7647-3p	0	1	1	0	0	1
mmu-mir-8098-3p	0	0	0	0	1	0
mmu-mir-137-5p	1	0	0	0	0	0
mmu-mir-6927-3p	1	1	0	0	0	0
mmu-mir-7666-5p	1	0	0	0	0	0
mmu-mir-497b-3p	0	0	0	0	1	0
mmu-mir-6970-3p	0	0	0	1	0	1
mmu-mir-30f-5p	1	0	0	0	1	1
mmu-mir-5101-3p	1	0	0	0	0	0
mmu-mir-721-3p	0	0	0	1	0	0
mmu-mir-705-5p	1	0	1	0	1	0
mmu-mir-7061-5p	0	0	0	1	0	1
mmu-mir-6934-3p	0	0	0	0	0	1
mmu-mir-5106-5p	0	0	1	0	0	0
mmu-mir-6374-5p	0	0	0	1	0	0
mmu-mir-7030-5p	1	0	0	1	0	0
mmu-mir-6941-5p	1	0	0	0	0	0
mmu-mir-6980-3p	0	0	1	1	0	0
mmu-mir-7035-3p	0	0	0	0	1	0
mmu-mir-6366-3p	1	0	0	0	0	0
mmu-mir-3078-3p	0	0	0	0	1	0
mmu-mir-7686-3p	0	1	0	0	0	0
mmu-mir-6404-3p	0	0	1	0	1	0
mmu-mir-7229-3p	0	0	0	0	0	1
mmu-mir-7009-3p	1	0	0	0	0	0
mmu-mir-7062-5p	0	1	1	0	0	0
mmu-mir-882-5p	1	0	0	0	0	0
mmu-mir-6380-5p	0	0	1	0	0	1
mmu-mir-8113-3p	0	0	0	0	0	1
mmu-mir-7013-3p	0	0	0	1	0	0
mmu-mir-684-1-3p	1	0	0	0	0	0
mmu-mir-290b-5p	0	0	0	0	0	1
mmu-mir-3090-5p	0	0	0	1	0	0
mmu-mir-5619-3p	0	1	0	0	0	0
mmu-mir-804-3p	0	0	0	1	0	0
mmu-mir-5124b-5p	0	0	0	1	0	1
mmu-mir-764-5p	0	0	0	1	0	1
mmu-mir-211-3p	0	1	0	0	0	0
mmu-mir-669k-3p	1	0	0	1	0	1
mmu-mir-208b-5p	0	0	0	0	1	0
mmu-mir-7220-5p	0	0	0	1	0	0
totaldepth	7195901	4294774	3294917	5007518	2886210	2996739
