	S1	S2	S3	S4	S5	S6
mmu-mir-21a-5p	436025	558713	671550	1249666	77276	193966
mmu-mir-148a-3p	325679	220945	184673	236880	352593	249603
mmu-mir-302b-3p	197363	116773	133094	112040	21258	50076
mmu-mir-293-3p	176981	179408	127464	179222	125476	129814
mmu-mir-127-3p	108973	88481	63195	119042	99160	109691
mmu-mir-381-3p	96572	55890	60941	115758	83322	78582
mmu-mir-182-5p	104787	79437	61751	114522	69248	86934
mmu-mir-293-5p	92002	103228	58850	103531	65273	56817
mmu-mir-7a-1-5p	83459	64027	41976	66182	70492	74293
mmu-mir-302a-5p	77762	53029	55654	56669	11760	25079
mmu-mir-27b-3p	39676	38875	37231	65286	29030	29516
mmu-mir-295-3p	46051	52039	43106	64234	34395	39571
mmu-mir-302d-3p	63821	36983	49967	48129	9171	21306
mmu-mir-183-5p	48494	39381	34300	61930	37100	48137
mmu-mir-291a-3p	53362	51226	54991	61439	48051	40107
mmu-mir-99b-5p	46022	25862	32290	57480	12888	16096
mmu-mir-92a-1-3p	44287	41479	39879	54448	34465	46874
mmu-mir-379-5p	43899	33926	30344	52252	35964	30560
mmu-mir-541-5p	45570	35089	29243	51455	31307	33448
mmu-mir-5099-3p	50646	42845	29209	33301	26106	23695
mmu-mir-434-5p	46805	31466	25017	37650	29566	27912
mmu-mir-292a-3p	32436	37849	27118	32240	20379	25041
mmu-mir-363-3p	36505	19434	20233	22319	29694	30204
mmu-mir-25-3p	31938	23475	24854	35827	21315	23666
mmu-mir-302a-3p	34190	19904	29368	25560	4388	10028
mmu-mir-20a-5p	23847	18108	20945	29537	19857	19415
mmu-mir-294-3p	22634	26345	25367	29132	14501	18985
mmu-mir-467a-2-5p	13600	28099	16480	27949	19451	17252
mmu-mir-9-3-5p	28238	8881	10673	17805	9384	14456
mmu-mir-200b-3p	18747	24389	12264	26772	13140	13649
mmu-mir-26a-2-5p	18391	16959	16865	24083	15856	18834
mmu-mir-300-3p	18680	13331	11607	23533	15957	16439
mmu-mir-96-5p	15469	9953	12884	20492	12760	15452
mmu-mir-370-3p	17303	14285	12609	20082	17632	19271
mmu-mir-30a-5p	14941	12265	11843	19930	10164	11103
mmu-mir-411-5p	14896	12045	11978	19362	11568	12747
mmu-mir-20b-5p	17418	11712	10151	11006	18672	17303
mmu-mir-409-3p	18399	13991	10077	18435	12649	14662
mmu-mir-30d-5p	13788	13792	12404	18118	9274	12944
mmu-mir-101b-3p	12669	9783	9679	17734	10457	9689
mmu-mir-134-5p	13125	9441	8608	16289	11676	10769
mmu-mir-27a-3p	8844	5910	10285	16230	2040	4817
mmu-mir-17-5p	12330	9834	11952	16099	10766	10952
mmu-mir-103-2-3p	9763	7932	8759	15277	6981	6768
mmu-mir-200a-3p	8415	10569	6644	14886	6026	7203
mmu-mir-302c-3p	14524	7037	11855	10183	2134	4213
mmu-mir-92a-2-3p	11117	10287	8604	9968	10950	14055
mmu-mir-151-3p	12325	7560	8256	10544	5254	6179
mmu-mir-10b-5p	2788	1496	9319	12085	720	1066
mmu-mir-378a-3p	12062	6867	7690	11170	6892	7637
mmu-mir-93-5p	8996	6960	8625	11863	7726	7550
mmu-mir-140-3p	8816	4453	6364	11727	5078	5166
mmu-mir-532-5p	6997	8260	6110	11507	3264	3837
mmu-mir-218-1-5p	10664	3235	11480	10860	1951	2792
mmu-mir-335-3p	7734	6542	8668	10841	2688	680
mmu-mir-106a-5p	8451	5218	4679	5538	10489	8883
mmu-mir-148b-3p	8255	6531	6033	10395	6250	5801
mmu-mir-341-3p	7787	5023	4678	10118	6862	7079
mmu-mir-106b-3p	9036	7208	5705	8440	6506	6504
mmu-mir-669c-5p	6308	9128	4112	7790	4276	4780
mmu-mir-30c-2-5p	7930	5701	6620	8586	6008	8122
mmu-mir-323-3p	6718	5320	4882	8330	5158	6215
mmu-mir-291a-5p	5127	7517	5689	8310	4778	6206
mmu-mir-143-3p	2387	1873	6100	8261	3533	2658
mmu-mir-101a-3p	5169	4308	4047	8082	7302	6231
mmu-mir-672-5p	5958	6338	2086	3433	7345	7827
mmu-mir-32-5p	5788	4526	5406	7810	3840	3920
mmu-mir-26b-5p	4522	3104	5576	7481	1537	3014
mmu-mir-669a-2-5p	3812	5941	4055	7589	3908	3688
mmu-mir-543-3p	5772	4833	3526	5000	3841	6234
mmu-mir-27a-5p	5581	2613	2059	2872	479	1029
mmu-mir-200a-5p	5401	5036	1282	2649	1706	1424
mmu-mir-423-3p	3782	3828	3833	5335	2724	3581
mmu-mir-191-5p	3242	4177	2845	5202	3242	3704
mmu-mir-758-3p	4068	2640	3036	5024	2972	3387
mmu-mir-340-5p	3708	2776	3161	5094	2822	3216
mmu-mir-181d-5p	2990	1928	3154	4996	1188	2490
mmu-mir-126a-3p	4872	3073	2499	3333	4513	4099
mmu-mir-494-3p	2792	2694	2761	4893	2854	3368
mmu-mir-3963-5p	2235	1132	3780	4164	4279	4905
mmu-mir-495-3p	3963	3299	3061	4795	2904	3847
mmu-mir-337-5p	3346	3516	2942	4791	3109	3667
mmu-mir-434-3p	3657	3473	3095	4638	2775	3634
mmu-mir-99b-3p	4109	2397	2424	4345	1056	1585
mmu-mir-409-5p	2803	2421	2296	4323	2809	2400
mmu-mir-136-5p	4219	2546	3287	4117	2322	2638
mmu-mir-19b-2-3p	3605	2481	2932	4233	3361	3596
mmu-mir-125a-5p	2850	2071	3255	4153	828	1721
mmu-mir-18b-5p	4098	2016	2216	2586	3469	3090
mmu-mir-135b-5p	2919	2020	3492	4010	1623	2439
mmu-mir-28a-3p	2034	1923	1947	4047	514	722
mmu-mir-299a-3p	2713	2399	2011	3966	2317	2249
mmu-mir-6240-3p	682	726	2770	3969	1590	1442
mmu-mir-382-3p	2691	1916	1626	3740	1906	1996
mmu-mir-200c-3p	2205	3738	1637	3428	2308	2666
mmu-mir-23a-3p	1339	1056	2040	3617	345	858
mmu-mir-16-2-5p	1926	1677	2186	3456	1640	1887
mmu-mir-210-3p	2188	3023	1545	2312	3169	3421
mmu-mir-136-3p	2493	1930	1632	3468	2251	2184
mmu-mir-455-5p	3395	1813	2203	2956	607	1005
mmu-mir-467c-5p	1647	3292	1629	2418	1277	1374
mmu-mir-298-5p	2148	1707	2418	3199	1467	1792
mmu-mir-224-5p	1978	1654	2265	3356	353	780
mmu-mir-382-5p	3000	2052	1881	3324	1895	2045
mmu-mir-34c-5p	2636	2793	1717	3290	2350	1318
mmu-mir-127-5p	2416	1853	1558	3211	1999	2093
mmu-mir-431-5p	2160	1547	1697	3114	1962	1856
mmu-mir-186-5p	2431	1708	2237	3163	1252	1336
mmu-mir-146a-5p	1749	1366	1977	3102	254	502
mmu-mir-128-2-3p	2966	2311	1854	2255	2070	2551
mmu-mir-429-3p	1786	1913	1310	2946	1241	1370
mmu-mir-106b-5p	2003	1402	1722	3024	1815	1762
mmu-mir-410-3p	1636	1285	1504	2989	1778	1861
mmu-mir-23b-3p	1440	1605	1776	2849	1292	1486
mmu-mir-653-5p	2924	1810	1305	1780	771	1505
mmu-mir-34a-5p	1354	1390	1503	2883	1475	1495
mmu-mir-22-3p	664	1037	1718	2802	315	657
mmu-mir-744-5p	1836	2269	1980	2841	1284	1573
mmu-mir-218-2-5p	2786	745	1704	1842	260	410
mmu-mir-708-3p	2498	1670	1065	1476	2679	2303
mmu-mir-872-5p	2115	1586	1883	2571	1273	1525
mmu-mir-467e-5p	1478	2526	1427	2386	1371	1258
mmu-mir-361-3p	2582	1889	1692	2427	1135	1399
mmu-mir-369-3p	1093	958	1362	2548	1199	1500
mmu-mir-411-3p	1434	1750	1598	2348	1655	2018
mmu-mir-540-3p	1787	1551	1339	2295	1830	1729
mmu-mir-433-3p	1544	1496	1361	2164	1672	2280
mmu-mir-329-5p	1260	1021	1156	2082	1325	1317
mmu-mir-466c-1-3p	456	1995	846	1181	728	992
mmu-mir-221-3p	1788	1800	1500	1958	573	1295
mmu-mir-376b-3p	1540	1183	1092	1937	1618	1837
mmu-mir-1a-2-3p	801	690	913	1922	339	385
mmu-mir-320-3p	1313	894	1090	1857	764	1000
mmu-mir-320-5p	69	85	1337	1838	407	532
mmu-mir-296-3p	1588	1653	1590	1840	1088	1597
mmu-mir-674-3p	1483	1268	1448	1782	727	892
mmu-mir-152-3p	990	971	1015	1672	1710	1315
mmu-mir-679-5p	1607	1293	864	1734	921	1093
mmu-mir-5126-3p	94	101	972	1683	252	258
mmu-mir-363-5p	1671	1093	719	936	1062	1201
mmu-mir-380-3p	1214	919	928	1677	1120	1099
mmu-mir-203-3p	1446	1104	864	1631	550	774
mmu-mir-92b-3p	1328	1530	1203	1639	689	1360
mmu-mir-19a-3p	1349	968	1204	1613	1275	1522
mmu-mir-10a-5p	952	531	1568	1505	712	809
mmu-let-7g-5p	699	780	636	1129	1540	1176
mmu-mir-379-3p	895	1140	1024	1518	1027	1166
mmu-mir-423-5p	1359	1256	1014	1476	692	917
mmu-mir-16-1-3p	1445	1057	690	1135	593	623
mmu-mir-28a-5p	542	579	869	1417	159	276
mmu-mir-669l-5p	833	1244	816	1414	664	705
mmu-mir-1193-3p	724	756	788	1404	759	859
mmu-mir-335-5p	735	508	1275	1389	267	53
mmu-mir-18a-5p	1077	721	955	1369	807	868
mmu-mir-708-5p	621	559	430	595	1397	1367
mmu-mir-669o-5p	677	1062	802	1361	587	700
mmu-mir-669e-5p	550	1030	548	1358	552	636
mmu-mir-484-5p	811	837	968	1383	669	1035
mmu-mir-1934-3p	649	485	1329	854	932	712
mmu-mir-130a-3p	968	806	935	1343	696	844
mmu-mir-5121-3p	1079	808	1136	1305	852	770
mmu-mir-322-3p	565	465	878	1255	193	275
mmu-mir-666-5p	1208	787	805	1246	742	773
mmu-let-7f-2-5p	676	579	739	1177	807	659
mmu-mir-192-5p	760	613	639	1232	649	684
mmu-mir-669a-2-3p	311	1195	794	953	733	1061
mmu-mir-15b-5p	849	769	843	1190	549	715
mmu-mir-30a-3p	1193	1128	819	1051	589	716
mmu-mir-129-1-5p	1186	1012	1173	1086	626	938
mmu-mir-140-5p	1005	439	768	1147	446	472
mmu-mir-669m-2-5p	592	995	642	1135	375	509
mmu-mir-222-3p	1144	1094	701	933	387	825
mmu-let-7e-5p	454	268	474	1080	193	277
mmu-mir-1983-3p	466	444	767	1124	620	526
mmu-mir-652-3p	718	440	705	1071	402	502
mmu-mir-450b-5p	1102	687	689	954	825	933
mmu-mir-467a-2-3p	337	1075	616	833	605	727
mmu-mir-185-5p	746	708	649	1070	491	576
mmu-mir-2137-3p	42	55	816	1066	201	275
mmu-mir-1839-5p	901	628	619	1051	722	571
mmu-mir-485-3p	792	615	494	967	739	1042
mmu-mir-6236-3p	51	51	656	1043	303	343
mmu-mir-328-3p	624	309	737	1034	275	487
mmu-mir-466h-5p	495	735	517	958	419	453
mmu-mir-3535-5p	1000	733	648	763	596	535
mmu-mir-130b-5p	942	736	686	909	745	993
mmu-mir-466g-3p	227	993	321	439	243	291
mmu-mir-425-5p	628	520	517	975	767	575
mmu-mir-31-5p	411	469	587	941	181	243
mmu-mir-431-3p	764	531	489	920	532	629
mmu-mir-29a-3p	483	524	388	597	900	941
mmu-mir-341-5p	713	442	248	425	927	532
mmu-mir-148a-5p	910	758	356	601	747	709
mmu-mir-493-5p	634	419	577	860	241	327
mmu-mir-345-3p	462	352	561	859	287	275
mmu-mir-367-3p	883	516	801	766	162	358
mmu-mir-369-5p	737	567	565	867	498	653
mmu-mir-504-5p	795	637	524	867	102	242
mmu-mir-466c-1-5p	370	648	421	840	462	552
mmu-mir-149-5p	639	518	598	861	264	391
mmu-mir-1298-5p	837	582	305	396	408	419
mmu-let-7i-5p	650	699	487	788	848	726
mmu-mir-181c-3p	519	246	458	835	201	278
mmu-mir-1198-5p	781	644	614	807	471	523
mmu-mir-146b-5p	827	699	556	818	619	585
mmu-mir-30b-5p	427	363	518	814	416	478
mmu-mir-6236-5p	110	82	527	817	313	308
mmu-mir-665-3p	428	411	443	773	563	529
mmu-mir-542-3p	758	372	566	791	580	474
mmu-mir-330-5p	511	385	488	794	338	412
mmu-mir-503-5p	456	257	564	780	142	246
mmu-mir-452-5p	503	355	576	781	119	158
mmu-mir-342-3p	437	376	505	762	280	303
mmu-mir-351-5p	662	322	713	757	163	271
mmu-mir-107-3p	486	324	391	744	385	367
mmu-mir-6240-5p	187	102	697	747	427	436
mmu-mir-450a-1-5p	653	414	468	672	364	508
mmu-mir-501-3p	317	553	350	720	126	190
mmu-mir-291b-5p	517	688	447	688	415	478
mmu-mir-362-5p	273	330	310	680	143	144
mmu-mir-3473f-3p	447	294	657	601	555	424
mmu-mir-322-5p	262	110	373	618	68	115
mmu-mir-181a-2-5p	297	157	521	659	55	169
mmu-mir-3473b-3p	266	164	609	433	272	255
mmu-mir-770-3p	605	479	356	615	489	493
mmu-mir-7b-5p	551	390	206	394	523	618
mmu-let-7c-2-5p	489	434	334	491	283	634
mmu-mir-466d-3p	129	627	285	400	220	370
mmu-mir-302c-5p	517	315	509	605	112	257
mmu-mir-380-5p	595	453	289	562	370	274
mmu-mir-205-5p	319	337	330	617	466	382
mmu-mir-301a-5p	570	448	352	473	151	185
mmu-mir-329-3p	320	318	360	581	216	286
mmu-mir-295-5p	482	497	491	621	337	360
mmu-mir-881-3p	438	334	439	578	569	565
mmu-mir-669d-2-5p	259	412	268	555	245	256
mmu-mir-206-3p	265	156	171	183	342	568
mmu-mir-6539-5p	354	395	309	569	206	227
mmu-mir-361-5p	267	274	286	520	208	250
mmu-mir-466o-5p	237	399	318	564	343	296
mmu-mir-99a-5p	521	184	555	482	89	170
mmu-mir-199b-3p	287	260	338	546	396	401
mmu-mir-674-5p	354	284	437	558	114	189
mmu-mir-181b-1-5p	197	150	473	548	46	124
mmu-mir-154-3p	372	188	216	499	459	547
mmu-mir-1195-5p	93	96	404	542	327	406
mmu-mir-376c-3p	422	336	264	534	306	297
mmu-mir-592-5p	391	120	243	528	21	40
mmu-mir-17-3p	368	273	307	513	290	314
mmu-mir-135b-3p	412	354	338	514	212	241
mmu-mir-1191a-3p	402	289	274	468	296	292
mmu-mir-466f-3-5p	218	344	240	513	299	295
mmu-mir-421-3p	291	473	290	402	331	253
mmu-mir-667-5p	480	336	163	333	296	241
mmu-mir-155-5p	273	226	364	482	103	148
mmu-mir-673-5p	348	284	309	474	306	396
mmu-mir-302d-5p	479	364	309	317	83	161
mmu-mir-25-5p	457	438	230	336	191	236
mmu-mir-485-5p	444	356	264	418	322	289
mmu-mir-1981-5p	426	411	302	412	257	256
mmu-mir-370-5p	336	270	224	437	295	323
mmu-mir-125b-1-5p	142	185	261	446	84	113
mmu-mir-1957a-5p	231	196	320	439	372	255
mmu-mir-297a-3-3p	183	410	241	389	221	304
mmu-mir-297b-5p	188	288	167	423	210	171
mmu-mir-297a-3-5p	154	321	208	417	182	222
mmu-mir-669f-5p	207	327	199	398	148	197
mmu-mir-21a-3p	180	211	203	390	19	79
mmu-mir-9-3-3p	395	131	184	320	160	237
mmu-mir-128-1-3p	385	298	254	318	260	346
mmu-mir-196a-1-5p	178	221	267	385	307	173
mmu-mir-582-3p	146	128	113	178	368	227
mmu-mir-196b-5p	161	29	334	385	16	17
mmu-mir-466p-5p	192	286	234	380	263	249
mmu-mir-340-3p	354	254	361	345	208	308
mmu-mir-344-1-3p	204	183	183	220	262	381
mmu-mir-139-5p	161	315	94	136	345	319
mmu-mir-487b-3p	241	206	228	364	225	239
mmu-mir-673-3p	368	259	204	318	255	223
mmu-mir-30c-2-3p	360	334	154	222	151	171
mmu-mir-3470b-5p	178	152	250	350	209	169
mmu-mir-15b-3p	306	291	258	360	147	171
mmu-mir-3473e-5p	303	175	347	345	276	284
mmu-mir-182-3p	339	279	138	298	181	238
mmu-mir-18a-3p	304	272	255	304	157	221
mmu-mir-493-3p	285	172	198	291	139	132
mmu-mir-181c-5p	169	92	182	297	80	203
mmu-mir-130b-3p	257	208	227	309	230	243
mmu-mir-669f-3p	95	307	153	278	146	198
mmu-mir-677-5p	298	190	122	198	130	100
mmu-mir-92a-1-5p	297	258	184	271	210	260
mmu-mir-690-3p	136	103	220	277	163	148
mmu-mir-598-3p	196	107	148	266	123	111
mmu-let-7a-2-5p	147	117	185	299	151	168
mmu-mir-1197-3p	239	232	133	289	189	139
mmu-mir-324-3p	179	149	239	296	159	209
mmu-mir-125b-1-3p	169	206	145	270	31	49
mmu-mir-7079-3p	290	114	174	228	159	125
mmu-mir-27b-5p	235	289	126	204	105	116
mmu-mir-221-5p	265	202	99	150	76	105
mmu-mir-339-5p	174	210	209	274	255	223
mmu-mir-150-5p	66	140	41	82	190	279
mmu-mir-467d-5p	105	256	121	217	97	127
mmu-mir-294-5p	203	258	186	286	151	170
mmu-mir-30b-3p	276	238	166	203	134	149
mmu-mir-374b-3p	164	258	138	195	166	179
mmu-mir-6239-3p	60	50	201	279	144	206
mmu-mir-532-3p	102	133	156	276	52	48
mmu-mir-188-5p	133	139	157	261	62	44
mmu-mir-412-5p	206	238	127	265	167	148
mmu-mir-195a-3p	268	199	103	174	230	269
mmu-mir-302b-5p	276	252	142	128	25	76
mmu-mir-141-3p	228	278	176	278	184	214
mmu-mir-5100-3p	49	34	204	171	250	265
mmu-mir-194-2-5p	105	110	151	250	111	124
mmu-mir-100-5p	109	88	249	230	87	99
mmu-mir-301a-3p	150	119	166	256	96	103
mmu-mir-32-3p	256	248	174	214	112	122
mmu-mir-145a-5p	61	63	172	243	62	63
mmu-mir-125a-3p	177	122	124	247	38	83
mmu-mir-6540-5p	106	118	166	226	46	53
mmu-mir-151-5p	165	130	188	236	144	165
mmu-mir-362-3p	89	132	128	243	64	71
mmu-mir-331-3p	142	129	144	238	61	91
mmu-mir-195a-5p	162	115	124	210	204	227
mmu-mir-132-3p	162	159	180	230	24	52
mmu-mir-488-3p	194	179	83	151	218	118
mmu-mir-466n-5p	70	103	68	210	125	112
mmu-mir-181a-2-3p	165	53	153	204	13	50
mmu-mir-301b-3p	142	91	130	207	182	167
mmu-mir-455-3p	161	155	151	208	36	106
mmu-mir-667-3p	112	130	122	209	120	168
mmu-mir-3470b-3p	39	75	54	56	194	196
mmu-mir-1843b-5p	119	80	133	190	110	93
mmu-mir-148b-5p	157	156	146	192	129	108
mmu-mir-3102-3p	72	92	134	193	43	55
mmu-mir-669h-5p	102	196	87	110	76	119
mmu-mir-212-5p	150	154	179	182	19	61
mmu-mir-154-5p	82	84	93	200	67	106
mmu-mir-130a-5p	178	104	55	84	50	58
mmu-mir-92b-5p	192	174	83	137	92	119
mmu-mir-700-3p	133	150	122	183	158	183
mmu-mir-676-3p	141	148	132	190	141	130
mmu-mir-1843a-5p	163	121	121	169	120	112
mmu-mir-196a-1-3p	111	125	83	180	113	64
mmu-mir-872-3p	129	111	137	191	88	138
mmu-mir-375-3p	72	51	125	185	45	43
mmu-mir-92a-2-5p	170	176	62	50	159	171
mmu-mir-301b-5p	185	96	95	125	139	98
mmu-mir-376b-5p	159	96	123	162	75	152
mmu-mir-331-5p	141	116	162	173	65	86
mmu-mir-496a-3p	116	114	103	167	86	108
mmu-mir-200b-5p	119	178	71	149	50	57
mmu-mir-3081-3p	111	84	118	178	115	82
mmu-mir-3068-5p	117	75	90	161	92	84
mmu-mir-330-3p	122	105	93	148	65	110
mmu-mir-22-5p	70	94	94	160	20	34
mmu-mir-1193-5p	149	142	78	148	117	98
mmu-mir-34b-3p	109	147	99	114	103	100
mmu-mir-299a-5p	73	96	95	163	72	80
mmu-mir-126a-5p	136	76	111	140	158	133
mmu-mir-6944-3p	52	30	95	162	29	22
mmu-mir-18b-3p	151	134	83	121	94	139
mmu-mir-503-3p	89	56	139	150	28	29
mmu-mir-29b-1-3p	44	31	59	78	149	122
mmu-mir-290a-3p	121	154	70	84	41	72
mmu-mir-350-3p	75	81	98	134	55	71
mmu-mir-709-3p	33	34	127	136	83	103
mmu-mir-410-5p	139	105	83	142	87	74
mmu-mir-345-5p	77	50	91	151	36	52
mmu-mir-668-3p	89	88	77	147	51	67
mmu-mir-499-5p	58	90	47	39	144	145
mmu-mir-377-3p	96	82	62	145	74	100
mmu-mir-183-3p	80	83	63	129	95	134
mmu-mir-199a-1-5p	79	47	62	79	101	143
mmu-mir-376a-5p	95	79	76	139	64	82
mmu-mir-3066-5p	128	92	88	133	74	85
mmu-mir-1199-5p	51	39	68	143	16	27
mmu-mir-465b-1-5p	95	72	71	108	77	126
mmu-mir-16-2-3p	72	87	81	130	59	72
mmu-mir-187-3p	41	113	81	87	127	107
mmu-mir-877-3p	82	65	80	137	63	104
mmu-mir-3068-3p	70	71	77	121	103	71
mmu-mir-877-5p	104	79	66	124	93	70
mmu-mir-30d-3p	125	115	51	98	43	41
mmu-mir-615-3p	29	13	68	125	5	5
mmu-mir-704-3p	118	89	78	107	71	96
mmu-mir-376a-3p	100	79	80	119	60	59
mmu-mir-671-5p	75	50	70	114	29	46
mmu-mir-124-3-3p	42	79	57	78	96	114
mmu-mir-30c-1-3p	121	97	44	46	37	48
mmu-mir-3967-3p	31	31	34	103	4	14
mmu-mir-1306-3p	115	54	86	91	56	84
mmu-mir-181a-1-3p	26	66	54	107	12	22
mmu-mir-3072-3p	50	43	69	98	40	72
mmu-mir-342-5p	93	83	79	111	39	54
mmu-mir-7a-1-3p	93	79	69	102	56	73
mmu-mir-6239-5p	7	13	94	108	41	107
mmu-mir-712-5p	23	25	76	107	46	37
mmu-mir-1947-5p	106	88	80	107	92	91
mmu-mir-133a-1-3p	38	32	46	107	20	18
mmu-mir-199b-5p	41	38	61	107	43	35
mmu-mir-486b-5p	47	48	80	97	11	22
mmu-mir-184-3p	44	46	35	53	88	95
mmu-mir-1964-3p	106	64	63	83	38	70
mmu-mir-700-5p	70	78	47	97	71	102
mmu-mir-5098-3p	33	35	57	92	41	52
mmu-mir-326-3p	43	29	52	100	28	29
mmu-mir-31-3p	38	38	46	96	25	20
mmu-mir-93-3p	68	72	90	99	48	60
mmu-mir-339-3p	75	78	44	99	63	72
mmu-mir-466m-3p	15	88	33	47	43	52
mmu-mir-15a-5p	66	42	54	94	63	41
mmu-mir-470-5p	41	34	64	83	62	87
mmu-mir-132-5p	97	66	92	90	14	15
mmu-mir-145a-3p	31	28	97	78	22	25
mmu-mir-425-3p	40	59	43	90	61	64
mmu-mir-466n-3p	45	86	47	59	30	36
mmu-mir-465c-1-5p	48	31	49	78	68	88
mmu-mir-222-5p	85	57	37	61	41	58
mmu-mir-297a-2-3p	34	83	35	65	33	33
mmu-mir-676-5p	76	58	61	66	57	61
mmu-mir-671-3p	43	30	47	80	17	27
mmu-mir-26a-2-3p	86	70	52	72	62	60
mmu-mir-190a-5p	47	27	42	85	21	25
mmu-mir-152-5p	51	36	33	78	65	64
mmu-mir-337-3p	41	19	37	68	21	37
mmu-mir-539-5p	45	37	67	82	52	67
mmu-mir-141-5p	70	75	23	56	54	46
mmu-mir-1968-5p	81	50	47	69	52	54
mmu-mir-124-3-5p	48	68	30	45	77	72
mmu-mir-452-3p	31	30	58	80	13	10
mmu-mir-7070-3p	23	27	28	60	17	15
mmu-mir-24-1-5p	60	53	43	59	30	34
mmu-mir-300-5p	70	31	40	70	38	35
mmu-mir-5128-3p	49	34	76	56	41	40
mmu-mir-6399-3p	76	52	58	62	16	21
mmu-mir-129-2-3p	50	37	52	60	30	37
mmu-mir-497b-5p	72	32	44	42	50	33
mmu-mir-871-3p	42	41	58	52	57	75
mmu-mir-679-3p	62	62	55	78	38	33
mmu-mir-450b-3p	72	65	54	67	25	46
mmu-mir-1968-3p	74	41	42	66	48	51
mmu-mir-96-3p	56	58	43	70	25	58
mmu-mir-219a-2-3p	33	44	44	51	44	66
mmu-mir-3968-3p	36	15	44	56	29	48
mmu-mir-7226-3p	32	14	25	50	13	30
mmu-mir-21c-5p	23	27	42	68	6	22
mmu-mir-574-3p	22	29	27	62	11	12
mmu-mir-7a-2-5p	54	28	25	41	41	41
mmu-mir-1954-3p	19	17	50	61	12	21
mmu-mir-20a-3p	44	34	38	57	50	54
mmu-mir-466e-5p	30	51	38	59	45	28
mmu-mir-1981-3p	30	41	29	47	23	31
mmu-let-7d-5p	28	52	31	47	33	40
mmu-mir-741-3p	31	33	48	46	57	55
mmu-mir-291b-3p	39	59	30	46	42	25
mmu-mir-135a-1-5p	63	32	58	41	20	28
mmu-mir-21b-5p	27	26	35	52	5	16
mmu-mir-328-5p	31	8	38	55	12	17
mmu-mir-378a-5p	41	26	44	57	22	27
mmu-mir-412-3p	39	54	41	59	25	30
mmu-mir-1258-3p	46	40	25	53	31	20
mmu-mir-33-5p	28	22	36	54	27	30
mmu-mir-466f-3-3p	5	59	30	26	11	24
mmu-mir-541-3p	54	40	50	62	32	50
mmu-mir-3470a-5p	51	42	30	51	39	37
mmu-mir-212-3p	29	35	47	55	7	12
mmu-mir-98-5p	26	23	25	43	36	35
mmu-mir-669n-5p	6	13	43	49	31	37
mmu-mir-702-3p	36	37	32	60	25	38
mmu-mir-483-3p	13	8	21	50	0	2
mmu-mir-3074-2-5p	33	32	43	54	21	21
mmu-mir-377-5p	29	31	33	50	36	31
mmu-mir-449a-5p	26	35	33	47	42	44
mmu-mir-467h-3p	22	32	11	45	17	25
mmu-mir-760-3p	19	22	11	19	42	21
mmu-mir-466j-3p	14	37	15	34	19	16
mmu-mir-193b-3p	18	21	20	46	14	15
mmu-mir-365-1-3p	19	22	26	51	10	10
mmu-mir-219a-1-3p	39	16	29	40	48	36
mmu-mir-540-5p	16	14	25	43	11	27
mmu-mir-3057-5p	28	34	24	44	30	26
mmu-mir-135a-1-3p	48	18	8	22	15	32
mmu-mir-466f-2-3p	3	49	21	26	6	12
mmu-mir-10b-3p	9	9	40	47	0	1
mmu-mir-669e-3p	23	39	24	38	26	27
mmu-mir-500-3p	10	18	24	47	9	8
mmu-mir-8114-5p	40	24	8	13	20	11
mmu-mir-744-3p	23	41	42	43	17	25
mmu-mir-3535-3p	31	23	17	38	23	19
mmu-mir-138-1-5p	30	7	25	44	17	22
mmu-mir-19b-1-5p	41	38	27	45	15	28
mmu-mir-33-3p	19	17	18	43	11	14
mmu-mir-143-5p	13	6	34	41	14	5
mmu-mir-147-3p	28	29	24	37	23	17
mmu-mir-3099-3p	27	8	37	40	1	3
mmu-mir-185-3p	30	24	17	27	22	16
mmu-mir-3966-5p	30	19	9	28	21	39
mmu-mir-3473d-3p	23	11	37	23	23	18
mmu-mir-378c-5p	40	15	12	29	32	18
mmu-mir-23b-5p	19	31	37	42	7	18
mmu-mir-34c-3p	33	34	23	38	23	32
mmu-mir-483-5p	9	12	24	42	1	3
mmu-mir-324-5p	20	10	22	31	23	25
mmu-mir-696-3p	16	27	13	16	32	22
mmu-mir-5123-3p	15	3	22	41	11	7
mmu-mir-7033-5p	20	24	18	44	14	17
mmu-mir-128-1-5p	40	29	11	17	28	25
mmu-mir-615-5p	13	35	17	24	4	10
mmu-mir-714-5p	8	13	25	40	16	30
mmu-mir-670-5p	12	8	9	7	32	13
mmu-mir-7068-3p	29	21	24	33	24	20
mmu-mir-466g-5p	20	36	10	31	4	11
mmu-mir-669b-3p	13	24	37	30	21	28
mmu-mir-365-1-5p	33	25	25	31	6	12
mmu-mir-1306-5p	32	31	33	34	18	30
mmu-mir-350-5p	34	25	24	23	10	27
mmu-mir-1839-3p	26	16	20	36	13	13
mmu-mir-16-1-5p	22	10	17	34	10	11
mmu-mir-7224-3p	16	17	14	10	23	33
mmu-mir-1194-3p	22	23	30	39	25	24
mmu-mir-466l-5p	10	19	8	30	11	13
mmu-mir-466k-5p	10	8	11	27	17	17
mmu-mir-1946a-5p	20	26	30	32	20	24
mmu-mir-501-5p	10	11	8	34	1	1
mmu-mir-1199-3p	8	13	17	31	5	7
mmu-mir-670-3p	10	9	9	6	33	24
mmu-mir-298-3p	23	17	18	37	15	14
mmu-mir-210-5p	19	19	8	12	29	27
mmu-mir-433-5p	14	13	9	35	21	18
mmu-mir-3102-5p	19	21	19	32	7	15
mmu-mir-494-5p	22	25	16	30	12	9
mmu-mir-34a-3p	16	24	20	30	16	7
mmu-mir-465b-1-3p	11	12	20	31	20	25
mmu-mir-1188-5p	13	28	19	15	10	24
mmu-mir-770-5p	13	22	17	32	20	23
mmu-mir-20b-3p	27	13	25	29	22	31
mmu-mir-1949-3p	16	28	21	26	15	29
mmu-mir-467c-3p	9	31	25	26	10	18
mmu-mir-6412-3p	21	21	30	33	19	23
mmu-mir-712-3p	23	24	15	24	14	15
mmu-mir-134-3p	24	16	18	28	21	15
mmu-mir-1933-3p	25	7	5	33	7	10
mmu-mir-3965-3p	6	14	27	26	0	5
mmu-mir-365-2-5p	31	16	11	23	5	9
mmu-mir-6952-3p	9	11	11	23	7	23
mmu-mir-34b-5p	10	8	13	33	12	8
mmu-mir-7075-3p	23	10	17	31	10	12
mmu-mir-29c-5p	19	24	16	27	21	8
mmu-let-7c-2-3p	16	20	15	31	16	22
mmu-mir-880-3p	9	5	16	22	20	25
mmu-mir-878-5p	9	12	18	30	17	24
mmu-mir-26b-3p	12	13	23	29	4	13
mmu-mir-181b-2-5p	3	8	27	24	0	5
mmu-mir-325-5p	27	8	18	13	8	12
mmu-mir-3060-3p	14	9	13	28	7	6
mmu-mir-3082-3p	21	6	17	21	15	17
mmu-mir-196a-2-5p	13	12	14	25	23	10
mmu-mir-669a-3-3p	6	16	27	27	14	22
mmu-mir-344b-3p	21	24	9	27	21	19
mmu-mir-696-5p	22	18	3	6	7	10
mmu-mir-669m-2-3p	5	21	21	23	5	9
mmu-mir-323-5p	15	16	18	22	10	18
mmu-mir-122-5p	25	24	10	19	14	16
mmu-mir-190b-5p	12	15	10	20	15	16
mmu-mir-103-1-3p	14	11	12	21	5	4
mmu-mir-3062-5p	14	9	13	26	8	7
mmu-mir-714-3p	19	12	25	17	7	11
mmu-mir-8114-3p	7	9	17	25	8	19
mmu-mir-466b-3-3p	6	22	15	16	9	7
mmu-mir-1954-5p	9	9	11	19	3	5
mmu-mir-3086-5p	20	4	10	13	11	15
mmu-mir-1934-5p	7	16	8	19	12	14
mmu-mir-672-3p	14	20	14	8	14	16
mmu-mir-3473d-5p	13	10	5	25	6	7
mmu-mir-8111-5p	12	14	15	20	24	17
mmu-mir-767-3p	13	13	11	25	12	14
mmu-mir-378b-3p	22	12	11	22	12	18
mmu-mir-155-3p	16	5	15	12	5	8
mmu-mir-6979-3p	21	20	12	19	21	19
mmu-mir-218-2-3p	21	7	14	13	3	5
mmu-mir-1946a-3p	8	7	20	21	15	12
mmu-mir-101c-3p	7	12	7	14	15	22
mmu-mir-1946b-3p	13	8	24	20	9	24
mmu-mir-5123-5p	8	2	12	23	5	5
mmu-mir-582-5p	2	7	7	14	23	18
mmu-mir-7073-5p	7	9	4	18	5	8
mmu-mir-191-3p	20	13	19	15	14	17
mmu-mir-466l-3p	6	12	11	22	15	6
mmu-mir-1983-5p	14	9	14	19	7	7
mmu-mir-448-3p	19	16	9	24	15	6
mmu-mir-3474-5p	21	11	8	9	5	8
mmu-mir-466f-1-3p	4	19	3	14	5	5
mmu-mir-346-5p	9	13	14	17	11	20
mmu-mir-344d-1-3p	17	6	4	5	4	4
mmu-mir-296-5p	6	12	15	18	6	17
mmu-mir-19b-2-5p	18	19	5	6	10	11
mmu-mir-505-3p	11	11	11	22	5	11
mmu-mir-1929-5p	13	14	16	18	9	10
mmu-mir-153-3p	13	10	13	14	10	11
mmu-mir-6945-3p	8	12	10	19	2	5
mmu-mir-1936-3p	19	13	13	9	10	8
mmu-mir-217-5p	6	7	5	9	7	21
mmu-mir-204-5p	9	8	5	6	7	19
mmu-mir-669i-5p	7	20	13	18	11	13
mmu-mir-6932-3p	21	8	5	16	3	5
mmu-mir-465a-5p	1	6	8	19	11	17
mmu-mir-1945-3p	13	19	19	13	17	14
mmu-mir-1943-5p	3	13	11	19	10	3
mmu-mir-7650-5p	4	15	7	9	8	13
mmu-mir-346-3p	6	2	3	9	17	14
mmu-mir-144-5p	5	2	2	4	3	13
mmu-mir-7091-3p	17	10	7	14	8	6
mmu-mir-205-3p	13	11	7	18	12	2
mmu-mir-6988-3p	7	15	6	16	9	14
mmu-mir-664-5p	11	7	4	18	9	10
mmu-mir-3063-3p	8	11	10	18	8	9
mmu-mir-3471-2-3p	6	5	5	14	8	3
mmu-mir-450a-1-3p	18	5	7	12	7	15
mmu-mir-1291-5p	11	8	3	10	6	9
mmu-mir-15a-3p	13	7	10	17	11	8
mmu-mir-6967-2-3p	4	14	12	17	11	16
mmu-mir-6965-3p	18	12	5	12	14	15
mmu-mir-935-3p	4	3	9	17	13	18
mmu-mir-449c-5p	13	5	3	9	7	10
mmu-mir-743a-3p	6	4	6	11	10	6
mmu-mir-1247-3p	12	11	11	14	2	8
mmu-mir-8115-3p	3	2	3	5	13	3
mmu-mir-7689-3p	2	2	11	6	3	3
mmu-mir-101b-5p	11	13	13	13	7	9
mmu-mir-3079-5p	13	2	10	13	1	1
mmu-mir-28c-3p	9	6	7	13	0	2
mmu-mir-702-5p	11	5	3	15	7	4
mmu-mir-6900-3p	4	1	4	10	3	3
mmu-mir-1843b-3p	10	5	11	14	8	11
mmu-mir-7083-5p	7	10	5	6	15	10
mmu-mir-133a-1-5p	7	6	2	10	5	8
mmu-mir-216b-5p	4	4	6	3	7	15
mmu-mir-467e-3p	8	6	5	13	3	7
mmu-mir-490-3p	3	15	8	7	2	3
mmu-mir-6481-3p	0	0	1	11	2	17
mmu-mir-883a-3p	3	12	16	12	11	16
mmu-mir-489-3p	14	0	9	12	6	9
mmu-mir-7021-5p	8	7	1	12	4	5
mmu-mir-1927-3p	3	7	4	14	5	8
mmu-mir-3475-3p	9	10	13	10	4	7
mmu-let-7e-3p	13	13	9	15	5	5
mmu-mir-3097-3p	2	9	10	12	3	1
mmu-mir-181b-1-3p	4	4	5	16	3	0
mmu-mir-3085-3p	11	0	2	11	3	1
mmu-mir-351-3p	11	2	7	12	2	4
mmu-mir-669g-5p	8	15	4	10	9	14
mmu-mir-297c-5p	1	13	7	15	6	7
mmu-mir-6911-3p	11	12	12	9	15	9
mmu-mir-3105-3p	4	5	1	2	2	10
mmu-mir-7089-3p	8	5	4	4	12	3
mmu-let-7b-5p	4	8	1	7	4	12
mmu-mir-7578-3p	2	14	11	10	1	2
mmu-mir-3473b-5p	2	7	12	15	6	8
mmu-mir-7667-3p	5	2	12	8	6	4
mmu-mir-125b-2-3p	4	2	7	12	1	2
mmu-mir-3060-5p	1	0	8	13	4	2
mmu-mir-1264-3p	12	9	3	4	5	10
mmu-mir-3064-5p	14	13	4	7	5	5
mmu-mir-367-5p	8	2	8	6	6	12
mmu-mir-7669-3p	2	0	12	10	6	0
mmu-mir-5113-5p	1	7	12	9	5	7
mmu-mir-743b-3p	7	6	7	16	12	16
mmu-mir-669l-3p	6	11	7	7	3	5
mmu-let-7d-3p	7	9	10	13	4	9
mmu-mir-326-5p	3	3	6	10	3	6
mmu-mir-500-5p	2	5	3	13	3	1
mmu-mir-1955-5p	3	7	2	3	11	6
mmu-mir-6237-3p	11	0	1	4	2	1
mmu-mir-652-5p	12	11	11	13	8	14
mmu-mir-703-5p	13	5	1	6	2	3
mmu-mir-219a-1-5p	6	8	8	11	9	11
mmu-mir-3470a-3p	1	4	5	7	7	13
mmu-mir-466a-5p	14	3	9	11	4	4
mmu-mir-3072-5p	10	10	5	10	5	7
mmu-mir-6992-5p	8	8	6	12	2	3
mmu-mir-871-5p	7	1	7	6	6	3
mmu-mir-106a-3p	12	6	5	2	9	8
mmu-mir-6975-3p	5	5	8	5	7	9
mmu-mir-653-3p	9	5	8	12	3	10
mmu-mir-181d-3p	11	2	7	11	4	2
mmu-mir-10a-3p	3	1	11	9	0	7
mmu-mir-215-5p	4	4	0	6	9	1
mmu-mir-6966-3p	6	5	2	5	3	8
mmu-mir-194-2-3p	12	5	3	3	2	0
mmu-mir-181b-2-3p	7	1	6	7	0	0
mmu-mir-7015-3p	5	6	9	5	4	2
mmu-mir-471-5p	2	2	8	3	2	5
mmu-mir-224-3p	8	6	7	11	1	1
mmu-mir-6538-5p	1	3	4	10	1	5
mmu-mir-338-5p	10	5	7	7	7	1
mmu-mir-9769-3p	3	8	3	8	3	3
mmu-mir-7093-3p	11	5	8	7	5	7
mmu-mir-669h-3p	5	5	5	7	8	11
mmu-mir-325-3p	2	3	8	2	1	3
mmu-mir-8118-3p	5	0	4	7	3	4
mmu-mir-1251-5p	2	1	7	7	1	2
mmu-mir-1955-3p	6	3	3	6	4	6
mmu-mir-701-5p	2	3	2	8	0	0
mmu-mir-1957b-5p	3	3	2	8	2	5
mmu-mir-3061-3p	2	2	3	9	4	5
mmu-mir-1187-3p	10	9	5	8	3	10
mmu-mir-3069-3p	6	3	9	8	5	2
mmu-mir-542-5p	8	9	4	8	4	8
mmu-mir-3066-3p	8	2	6	10	0	7
mmu-mir-574-5p	2	1	3	8	7	6
mmu-mir-3084-1-5p	4	4	3	10	4	2
mmu-mir-666-3p	9	3	7	11	7	9
mmu-mir-874-3p	9	8	5	3	5	1
mmu-mir-23a-5p	2	1	4	9	0	1
mmu-mir-6896-5p	6	5	7	9	5	6
mmu-mir-3473a-3p	4	1	7	5	1	5
mmu-mir-7030-3p	3	4	8	6	4	2
mmu-mir-466q-5p	8	3	1	6	3	2
mmu-mir-188-3p	8	7	8	6	2	4
mmu-mir-344f-3p	6	6	1	1	4	7
mmu-mir-7090-3p	9	1	2	4	2	4
mmu-mir-3109-3p	1	3	3	6	0	6
mmu-mir-3473f-5p	3	2	6	9	9	3
mmu-mir-129-1-3p	2	2	1	3	4	7
mmu-mir-693-3p	8	4	3	5	4	5
mmu-mir-6956-3p	1	1	5	7	3	2
mmu-mir-543-5p	8	6	9	5	2	3
mmu-mir-3098-5p	5	2	1	7	4	4
mmu-mir-6901-3p	3	7	3	3	2	3
mmu-mir-486b-3p	3	1	6	7	0	1
mmu-mir-1960-5p	4	3	3	7	3	5
mmu-mir-7029-3p	5	5	0	10	3	5
mmu-mir-8103-3p	5	4	4	8	3	4
mmu-mir-451a-5p	5	3	5	7	7	7
mmu-mir-6899-3p	5	5	4	10	4	4
mmu-mir-6958-3p	6	3	5	8	1	5
mmu-mir-466o-3p	0	7	6	7	4	4
mmu-mir-26a-1-3p	7	5	4	6	1	5
mmu-mir-6413-3p	1	0	8	4	1	2
mmu-mir-1982-3p	4	5	3	3	8	5
mmu-mir-1190-5p	7	3	2	3	5	6
mmu-mir-8112-3p	5	3	4	8	4	6
mmu-mir-669j-3p	1	0	0	6	1	4
mmu-mir-3091-3p	4	3	4	2	0	5
mmu-mir-7a-2-3p	5	3	1	3	10	8
mmu-mir-5615-1-5p	7	4	6	6	9	5
mmu-mir-1946b-5p	1	3	4	9	3	6
mmu-mir-374c-3p	2	3	3	5	4	3
mmu-mir-6546-5p	2	3	6	7	3	4
mmu-mir-7008-3p	1	5	3	8	1	3
mmu-mir-139-3p	3	8	4	6	4	6
mmu-mir-6540-3p	0	2	4	8	0	1
mmu-mir-467g-5p	5	6	9	2	2	2
mmu-mir-1930-5p	5	8	5	7	2	4
mmu-mir-6989-3p	2	2	4	8	2	3
mmu-mir-7652-3p	2	2	2	7	6	1
mmu-mir-677-3p	0	2	2	9	3	2
mmu-mir-3076-3p	2	7	4	2	5	2
mmu-mir-1941-3p	1	1	1	7	0	1
mmu-mir-6902-3p	5	1	0	2	0	2
mmu-mir-3084-1-3p	3	3	3	4	5	4
mmu-mir-193a-5p	7	1	4	5	3	3
mmu-mir-7092-5p	0	5	3	2	3	4
mmu-mir-505-5p	2	1	6	3	3	6
mmu-mir-297a-1-5p	1	0	3	4	0	2
mmu-mir-3094-3p	2	1	5	7	1	2
mmu-mir-6948-3p	4	4	3	4	1	2
mmu-mir-150-3p	2	7	0	1	5	4
mmu-mir-7661-3p	4	2	5	4	4	3
mmu-mir-193b-5p	1	4	5	1	0	0
mmu-mir-6516-3p	0	1	2	2	4	0
mmu-mir-8117-5p	3	1	0	4	1	6
mmu-mir-3082-5p	2	1	2	8	3	0
mmu-mir-3091-5p	0	1	3	6	1	0
mmu-mir-3077-3p	2	2	4	6	2	6
mmu-mir-5125-3p	1	2	3	4	0	0
mmu-mir-3058-3p	1	2	4	6	1	0
mmu-mir-7026-5p	5	0	2	5	0	4
mmu-mir-878-3p	2	4	5	6	0	7
mmu-mir-495-5p	7	1	2	2	0	1
mmu-mir-1938-3p	4	1	5	6	0	4
mmu-mir-490-5p	2	6	0	1	0	3
mmu-mir-7074-3p	0	1	1	4	0	0
mmu-mir-467g-3p	2	4	1	3	2	1
mmu-mir-8120-5p	6	6	2	5	5	6
mmu-mir-384-3p	0	4	4	3	1	4
mmu-mir-450a-2-3p	2	1	0	5	3	5
mmu-mir-449a-3p	6	1	6	2	6	6
mmu-mir-8117-3p	0	0	0	0	4	0
mmu-mir-7038-5p	5	1	1	2	1	1
mmu-mir-3113-3p	6	4	1	2	2	0
mmu-mir-1224-5p	6	5	4	2	1	2
mmu-mir-1195-3p	1	1	3	6	3	3
mmu-mir-7060-3p	0	0	5	0	2	0
mmu-mir-3109-5p	1	0	0	5	0	0
mmu-mir-1895-3p	0	1	5	7	4	3
mmu-mir-1971-5p	2	2	4	1	0	4
mmu-mir-7655-3p	2	2	4	5	4	4
mmu-mir-6935-5p	2	1	1	4	0	1
mmu-mir-1188-3p	1	1	1	6	1	6
mmu-mir-216b-3p	3	1	6	4	1	1
mmu-mir-7658-5p	7	5	6	3	7	6
mmu-mir-147-5p	4	4	1	8	6	2
mmu-mir-200c-5p	7	5	4	4	5	1
mmu-mir-6364-3p	0	1	3	5	2	2
mmu-mir-5620-5p	6	1	3	7	0	1
mmu-mir-376c-5p	3	5	2	2	2	3
mmu-mir-29b-2-5p	3	1	3	4	2	2
mmu-mir-135a-2-3p	7	4	4	4	5	6
mmu-mir-743a-5p	4	2	5	6	2	6
mmu-mir-7666-3p	1	2	3	5	1	1
mmu-mir-487b-5p	6	1	2	4	1	3
mmu-mir-381-5p	1	1	3	3	3	4
mmu-mir-665-5p	7	3	1	1	2	2
mmu-mir-3078-5p	0	3	0	0	4	6
mmu-mir-29c-3p	5	3	4	6	4	6
mmu-mir-6932-5p	5	1	0	5	1	6
mmu-mir-1950-5p	2	2	2	1	6	2
mmu-mir-6960-5p	6	2	2	3	1	1
mmu-mir-3061-5p	7	2	7	4	4	2
mmu-mir-3110-5p	5	1	3	2	0	0
mmu-mir-146b-3p	2	0	2	5	3	2
mmu-mir-7659-5p	6	3	4	7	1	0
mmu-mir-1951-3p	3	2	2	7	0	3
mmu-mir-3471-1-5p	5	0	1	2	1	1
mmu-mir-664-3p	4	4	4	8	3	5
mmu-mir-6994-3p	6	3	4	4	4	1
mmu-mir-214-5p	2	1	5	1	1	0
mmu-mir-1930-3p	4	4	5	2	1	2
mmu-mir-1912-5p	3	2	0	3	2	3
mmu-mir-491-5p	0	3	4	4	0	2
mmu-mir-1198-3p	3	0	2	4	2	4
mmu-mir-1932-3p	1	2	0	4	0	0
mmu-mir-7083-3p	0	1	0	4	1	1
mmu-mir-6901-5p	1	4	0	3	1	3
mmu-mir-7069-5p	0	0	0	5	4	1
mmu-mir-3070-1-3p	3	0	2	5	2	3
mmu-mir-3108-3p	2	1	1	3	3	3
mmu-mir-7006-3p	5	0	0	3	5	1
mmu-mir-6941-3p	0	1	1	0	1	3
mmu-mir-7036b-5p	0	1	1	3	1	0
mmu-mir-101c-5p	3	1	3	4	3	6
mmu-mir-1291-3p	1	4	2	3	1	2
mmu-mir-133b-3p	0	2	1	3	3	3
mmu-mir-7026-3p	5	0	1	0	0	0
mmu-mir-219a-2-5p	2	3	4	3	1	4
mmu-mir-374c-5p	4	0	5	6	0	0
mmu-mir-1956-3p	0	0	2	5	0	0
mmu-mir-98-3p	1	1	2	3	3	0
mmu-mir-1953-5p	3	2	0	1	0	0
mmu-mir-6946-3p	1	3	3	4	2	2
mmu-mir-7043-3p	1	2	1	4	4	2
mmu-mir-5625-3p	0	0	1	3	1	0
mmu-mir-378d-5p	2	5	3	1	2	5
mmu-mir-5106-3p	2	3	0	1	0	3
mmu-mir-138-2-3p	1	3	2	3	0	0
mmu-mir-1943-3p	2	0	0	3	2	0
mmu-mir-338-3p	1	1	0	3	0	1
mmu-mir-5131-5p	3	1	0	0	0	0
mmu-mir-669c-3p	1	2	3	0	0	1
mmu-mir-29b-1-5p	1	0	2	1	4	0
mmu-mir-471-3p	0	0	0	3	0	4
mmu-mir-3572-5p	0	1	0	3	0	3
mmu-mir-1961-5p	0	0	1	5	2	0
mmu-mir-463-3p	1	0	1	4	0	2
mmu-mir-6968-3p	0	2	1	6	1	2
mmu-mir-7655-5p	2	2	3	1	1	0
mmu-mir-7054-5p	0	1	3	0	0	3
mmu-mir-384-5p	3	1	1	1	0	4
mmu-mir-1194-5p	3	0	0	4	0	2
mmu-mir-1191b-5p	0	4	0	0	0	0
mmu-mir-3070-1-5p	3	1	3	3	6	1
mmu-mir-100-3p	1	2	3	1	3	5
mmu-mir-193a-3p	1	3	2	6	0	1
mmu-mir-7059-5p	1	3	2	2	1	4
mmu-mir-5112-5p	3	0	2	3	3	3
mmu-mir-3112-5p	2	0	0	3	0	0
mmu-mir-3473c-5p	1	0	3	0	1	4
mmu-mir-7089-5p	0	0	1	1	3	3
mmu-mir-8105-3p	2	3	3	6	0	2
mmu-mir-19a-5p	1	0	2	4	5	0
mmu-mir-5122-5p	6	1	1	1	0	4
mmu-mir-138-1-3p	1	0	0	0	1	4
mmu-mir-8112-5p	2	2	1	1	0	3
mmu-mir-7018-3p	2	1	5	5	0	2
mmu-mir-9-2-3p	1	0	0	1	4	2
mmu-mir-463-5p	1	1	0	4	5	1
mmu-mir-7675-3p	0	4	0	3	0	0
mmu-mir-429-5p	3	1	1	0	1	0
mmu-mir-1258-5p	2	3	2	2	0	0
mmu-mir-743b-5p	0	0	1	3	4	2
mmu-mir-7070-5p	0	0	1	3	0	3
mmu-mir-682-3p	0	0	1	3	0	1
mmu-mir-466k-3p	5	1	3	3	2	5
mmu-mir-879-5p	2	0	1	4	0	0
mmu-mir-186-3p	3	1	0	3	2	1
mmu-mir-1912-3p	4	2	2	2	1	0
mmu-mir-3073a-3p	0	0	4	2	0	0
mmu-mir-153-5p	0	3	0	0	0	1
mmu-mir-383-5p	3	3	2	4	0	0
mmu-mir-1966-3p	2	1	0	5	0	1
mmu-mir-6948-5p	2	3	1	4	2	1
mmu-mir-466m-5p	2	4	6	6	2	3
mmu-mir-6937-5p	3	0	1	0	1	2
mmu-mir-6395-5p	1	1	4	4	2	1
mmu-mir-692-2-3p	4	2	0	4	5	4
mmu-mir-496a-5p	6	0	3	2	1	1
mmu-mir-539-3p	3	2	3	3	4	1
mmu-mir-8094-5p	4	2	2	0	1	2
mmu-mir-7021-3p	1	1	3	0	2	1
mmu-mir-6955-5p	2	2	0	2	3	0
mmu-mir-466f-4-5p	2	0	0	5	1	0
mmu-mir-669p-2-3p	1	4	1	2	3	3
mmu-mir-124-2-5p	2	2	2	2	2	6
mmu-mir-3098-3p	2	4	5	6	3	3
mmu-mir-3095-3p	2	3	2	4	3	3
mmu-mir-5132-5p	3	2	1	0	3	1
mmu-mir-3092-3p	0	0	1	4	0	0
mmu-mir-7237-3p	4	2	3	3	1	2
mmu-mir-544-3p	3	0	1	3	4	0
mmu-mir-467f-3p	1	1	0	3	1	1
mmu-mir-211-5p	1	4	3	1	1	2
mmu-mir-466f-4-3p	2	0	1	3	0	0
mmu-mir-6904-3p	1	3	1	1	0	0
mmu-mir-3473g-3p	2	1	4	3	3	1
mmu-mir-208a-3p	0	1	0	4	1	0
mmu-mir-196a-2-3p	2	0	1	2	1	0
mmu-mir-5621-3p	2	0	1	1	0	0
mmu-mir-7648-3p	1	1	1	3	0	0
mmu-mir-3103-3p	4	1	3	4	1	4
mmu-mir-6933-5p	0	1	0	2	1	1
mmu-mir-592-3p	0	0	0	3	0	0
mmu-mir-216a-5p	0	0	0	3	1	3
mmu-mir-5129-3p	0	1	2	3	0	1
mmu-mir-7052-3p	0	2	0	0	1	0
mmu-mir-7053-3p	2	3	2	3	3	3
mmu-mir-499-3p	0	0	0	0	0	3
mmu-mir-1933-5p	1	0	1	3	0	1
mmu-mir-149-3p	3	0	2	0	2	1
mmu-mir-5133-3p	2	0	1	0	2	1
mmu-mir-6940-3p	1	1	3	1	0	1
mmu-mir-669j-5p	0	0	1	4	1	1
mmu-mir-718-5p	1	0	1	0	2	2
mmu-mir-547-3p	0	0	0	1	2	0
mmu-mir-5136-5p	3	0	0	0	1	0
mmu-mir-216a-3p	0	0	0	0	0	2
mmu-mir-6377-5p	0	0	0	2	0	0
mmu-mir-6998-5p	1	0	0	2	0	0
mmu-mir-7652-5p	4	0	0	0	1	0
mmu-mir-6918-5p	1	1	2	0	2	3
mmu-mir-6389-5p	3	0	1	1	0	3
mmu-mir-7080-5p	2	0	0	1	1	1
mmu-mir-344c-3p	2	2	2	2	2	0
mmu-mir-6943-3p	2	0	1	2	2	1
mmu-mir-7063-5p	0	0	4	0	0	3
mmu-mir-7227-3p	0	0	4	3	0	1
mmu-mir-669d-2-3p	2	1	2	4	3	2
mmu-mir-6997-5p	3	0	0	2	0	0
mmu-mir-466b-2-5p	0	0	0	2	1	0
mmu-mir-7667-5p	2	2	0	1	2	2
mmu-mir-7024-5p	0	1	0	3	0	0
mmu-mir-7017-5p	1	3	1	1	0	1
mmu-mir-504-3p	0	3	1	1	0	1
mmu-mir-24-2-5p	0	0	0	2	0	1
mmu-mir-1953-3p	1	0	1	0	0	2
mmu-mir-6956-5p	1	2	0	0	0	0
mmu-mir-6976-3p	0	1	1	1	2	2
mmu-mir-684-1-5p	1	3	0	0	1	0
mmu-mir-8093-3p	2	1	2	1	0	1
mmu-mir-6912-3p	0	0	1	0	1	2
mmu-let-7i-3p	0	0	0	2	0	0
mmu-mir-7672-3p	2	2	2	1	0	0
mmu-mir-3103-5p	1	0	2	0	0	0
mmu-mir-5615-1-3p	2	2	0	1	0	0
mmu-mir-466i-5p	1	0	0	0	2	0
mmu-mir-6355-3p	0	0	2	0	0	0
mmu-mir-7687-5p	0	0	3	0	1	2
mmu-mir-133a-2-5p	0	0	0	0	3	1
mmu-mir-7035-5p	0	0	0	0	2	0
mmu-mir-466h-3p	0	0	2	1	0	0
mmu-mir-3471-1-3p	2	0	1	3	0	0
mmu-mir-6913-3p	1	0	0	2	2	2
mmu-let-7c-1-5p	0	0	2	1	0	0
mmu-mir-448-5p	0	0	0	0	0	2
mmu-mir-1a-1-5p	0	0	1	2	1	1
mmu-mir-1970-5p	1	0	2	1	0	0
mmu-mir-208b-3p	3	0	0	1	0	0
mmu-mir-3569-3p	0	2	0	2	1	1
mmu-mir-1969-5p	2	4	2	3	0	0
mmu-mir-5104-5p	1	1	2	1	1	0
mmu-mir-6998-3p	0	1	2	2	1	2
mmu-mir-292a-5p	0	0	1	0	0	2
mmu-mir-1938-5p	1	2	3	1	0	2
mmu-mir-883b-3p	3	0	0	1	1	1
mmu-mir-758-5p	1	0	0	3	1	2
mmu-mir-1192-3p	0	1	1	2	1	2
mmu-mir-7212-5p	2	0	0	1	0	0
mmu-mir-669d-3p	0	0	2	1	2	3
mmu-mir-6344-3p	0	0	2	0	0	0
mmu-mir-1931-3p	2	0	2	2	2	2
mmu-mir-421-5p	1	1	1	1	2	2
mmu-mir-7650-3p	2	0	1	1	0	2
mmu-mir-6985-3p	0	0	0	2	0	0
mmu-let-7f-1-5p	0	3	0	0	1	3
mmu-mir-1231-5p	1	3	1	2	0	0
mmu-mir-5118-5p	0	0	0	0	0	2
mmu-mir-5098-5p	0	0	0	2	0	1
mmu-mir-6418-3p	0	0	1	3	1	0
mmu-mir-5132-3p	0	1	0	0	0	2
mmu-mir-3067-3p	1	0	0	0	3	0
mmu-mir-5110-5p	4	1	0	0	0	0
mmu-mir-7042-5p	1	1	1	2	0	0
mmu-mir-3472-3p	1	1	1	2	0	1
mmu-mir-6340-5p	0	0	0	2	0	0
mmu-mir-1190-3p	2	1	0	1	0	0
mmu-mir-7651-5p	1	1	0	1	0	2
mmu-mir-706-5p	1	0	3	1	0	1
mmu-mir-6546-3p	3	1	0	0	0	0
mmu-mir-6951-5p	2	0	1	1	0	0
mmu-mir-144-3p	0	0	0	0	0	2
mmu-mir-668-5p	3	0	3	0	3	3
mmu-mir-3095-5p	2	1	1	2	2	0
mmu-mir-7048-3p	0	0	2	2	0	1
mmu-mir-6996-3p	0	0	3	1	0	0
mmu-mir-6981-5p	0	0	0	1	3	1
mmu-mir-7682-3p	0	0	0	2	0	0
mmu-mir-1947-3p	0	1	0	2	0	0
mmu-mir-6929-3p	3	0	2	0	0	0
mmu-mir-138-2-5p	1	1	2	2	2	0
mmu-mir-466j-5p	1	0	0	2	2	1
mmu-mir-6914-3p	0	2	1	3	0	3
mmu-mir-7023-3p	1	0	0	0	0	2
mmu-mir-146a-3p	0	0	3	1	0	0
mmu-mir-5128-5p	0	1	0	3	1	0
mmu-mir-30f-3p	2	0	0	0	0	0
mmu-mir-3089-3p	2	2	1	2	2	0
mmu-mir-28b-5p	0	0	1	3	0	0
mmu-mir-7049-5p	1	0	0	1	0	2
mmu-mir-6916-5p	1	0	4	1	0	0
mmu-mir-703-3p	1	2	1	1	2	0
mmu-mir-6935-3p	1	3	0	1	0	0
mmu-mir-1668-3p	1	1	0	1	3	3
mmu-mir-1949-5p	0	0	0	2	1	1
mmu-mir-7656-5p	0	2	0	1	0	0
mmu-mir-103-2-5p	2	2	0	1	0	0
mmu-mir-6516-5p	1	2	1	3	2	0
mmu-mir-214-3p	2	2	3	2	0	1
mmu-mir-1843a-3p	2	0	3	3	1	1
mmu-mir-7653-5p	2	2	1	0	1	0
mmu-mir-5107-3p	0	0	0	3	0	0
mmu-mir-29a-5p	1	1	1	3	0	2
mmu-mir-5616-3p	0	1	2	2	0	1
mmu-mir-3076-5p	2	1	0	1	0	1
mmu-mir-1298-3p	2	0	1	2	1	2
mmu-mir-7116-3p	0	0	1	1	0	3
mmu-mir-466i-3p	0	3	0	3	0	2
mmu-mir-6905-3p	0	1	0	2	0	0
mmu-mir-1191a-5p	3	3	1	1	0	2
mmu-mir-29b-2-3p	3	1	1	1	0	2
mmu-mir-6928-3p	1	0	3	2	1	0
mmu-mir-7091-5p	2	0	3	4	1	2
mmu-mir-6380-3p	0	2	3	0	0	0
mmu-mir-3472-5p	0	0	0	0	3	0
mmu-mir-1247-5p	2	0	2	2	1	0
mmu-mir-125b-2-5p	2	1	0	3	0	0
mmu-mir-7078-5p	1	3	0	0	1	0
mmu-mir-6383-5p	0	0	0	2	0	0
mmu-mir-6967-2-5p	1	2	0	1	1	2
mmu-let-7f-2-3p	2	1	0	3	1	1
mmu-mir-6931-3p	0	2	1	2	0	1
mmu-mir-6964-3p	2	0	1	1	0	0
mmu-mir-6953-3p	0	0	3	1	0	0
mmu-mir-466p-3p	0	2	0	1	0	0
mmu-mir-5621-5p	2	1	0	1	0	1
mmu-mir-7049-3p	0	0	1	2	0	0
mmu-mir-467f-5p	0	0	2	1	0	0
mmu-mir-3108-5p	0	1	0	2	1	0
mmu-mir-7059-3p	0	0	2	0	1	0
mmu-mir-6369-3p	1	1	3	3	3	0
mmu-mir-6977-3p	1	1	1	2	0	0
mmu-mir-8106-3p	2	1	0	0	0	0
mmu-mir-8113-5p	4	2	0	1	0	0
mmu-mir-19b-1-3p	2	2	2	1	1	1
mmu-mir-7665-5p	0	2	0	0	1	1
mmu-mir-6238-3p	0	0	0	2	0	0
mmu-mir-1231-3p	0	2	1	0	1	0
mmu-mir-7118-3p	1	1	2	2	0	0
mmu-mir-6715-3p	0	0	1	1	3	0
mmu-mir-7649-3p	0	0	0	2	1	0
mmu-mir-694-3p	0	0	0	2	0	0
mmu-mir-3113-5p	3	2	0	1	1	0
mmu-mir-6903-3p	1	2	1	3	0	1
mmu-mir-187-5p	2	2	0	0	1	2
mmu-mir-7003-5p	2	1	0	2	0	2
mmu-mir-7673-5p	0	1	0	0	0	0
mmu-mir-7225-5p	0	0	0	0	0	1
mmu-mir-7036a-5p	1	0	0	0	0	1
mmu-mir-7084-5p	0	0	0	1	0	0
mmu-mir-6392-5p	0	0	0	0	0	1
mmu-mir-6393-3p	0	0	0	2	0	0
mmu-mir-763-5p	0	1	0	0	0	0
mmu-mir-5619-5p	0	1	0	0	0	0
mmu-mir-1249-5p	2	0	1	0	0	0
mmu-mir-9-2-5p	0	0	0	0	0	2
mmu-mir-7238-5p	0	1	0	0	0	1
mmu-mir-6942-5p	1	0	1	0	0	0
mmu-mir-5112-3p	0	0	0	0	0	1
mmu-mir-1907-5p	0	1	0	0	0	0
mmu-mir-7012-3p	1	0	0	0	0	0
mmu-mir-5130-5p	0	0	0	2	0	2
mmu-mir-7681-5p	0	0	0	0	0	1
mmu-mir-7669-5p	1	0	0	2	1	0
mmu-mir-194-1-5p	0	1	2	0	1	1
mmu-mir-223-3p	0	0	1	1	0	1
mmu-mir-6971-3p	2	0	1	0	0	0
mmu-mir-107-5p	1	0	0	0	0	0
mmu-mir-8093-5p	0	0	1	1	0	0
mmu-mir-1967-5p	0	0	1	1	0	1
mmu-mir-6990-3p	0	0	0	0	0	1
mmu-mir-8095-5p	0	0	1	0	0	0
mmu-mir-6984-3p	0	0	0	1	0	0
mmu-mir-3081-5p	0	0	0	0	1	0
mmu-mir-6914-5p	1	1	0	0	0	0
mmu-mir-3093-3p	0	0	0	1	0	0
mmu-mir-3074-2-3p	0	0	0	0	0	1
mmu-mir-6955-3p	0	0	0	0	1	1
mmu-mir-3064-3p	0	0	0	1	1	0
mmu-mir-5620-3p	1	0	1	1	0	0
mmu-mir-675-5p	0	0	1	0	0	0
mmu-mir-3100-3p	0	0	0	1	0	0
mmu-mir-6996-5p	1	0	0	0	0	0
mmu-mir-701-3p	1	1	0	0	0	0
mmu-mir-5122-3p	1	0	0	1	0	0
mmu-mir-7660-3p	1	1	0	2	0	1
mmu-mir-3154-3p	0	0	0	1	0	1
mmu-mir-6384-5p	0	0	0	0	1	0
mmu-mir-3547-5p	0	0	0	0	1	0
mmu-mir-6344-5p	0	0	0	1	1	0
mmu-mir-6962-3p	0	0	0	1	1	1
mmu-mir-3069-5p	0	0	0	0	0	1
mmu-mir-704-5p	0	0	0	0	1	0
mmu-mir-432-3p	0	0	0	1	0	0
mmu-mir-1966-5p	0	0	0	1	0	0
mmu-mir-6915-5p	0	0	0	1	1	0
mmu-mir-1958-5p	0	0	1	0	0	0
mmu-mir-6972-3p	2	0	1	0	1	0
mmu-mir-6950-5p	0	1	0	1	1	0
mmu-mir-697-3p	0	0	1	1	0	0
mmu-mir-468-3p	0	0	0	1	1	0
mmu-mir-7069-3p	0	0	1	0	1	0
mmu-mir-7685-3p	2	0	1	0	1	0
mmu-mir-5136-3p	0	0	1	1	1	1
mmu-mir-6991-5p	1	1	0	0	0	0
mmu-mir-449b-5p	0	0	0	0	0	1
mmu-mir-207-3p	1	0	0	0	1	0
mmu-mir-24-1-3p	0	0	0	1	0	0
mmu-mir-491-3p	0	2	0	1	0	0
mmu-mir-7018-5p	0	1	1	1	0	1
mmu-mir-7034-5p	1	0	0	0	0	0
mmu-mir-5134-3p	1	0	0	1	0	2
mmu-mir-7212-3p	0	0	0	1	0	0
mmu-mir-6938-3p	0	0	0	1	0	0
mmu-mir-7065-3p	1	1	1	2	0	0
mmu-mir-3104-3p	0	0	0	2	0	0
mmu-mir-6960-3p	0	0	1	0	0	0
mmu-mir-3552-3p	0	0	1	0	0	0
mmu-let-7a-1-5p	1	0	0	0	2	0
mmu-mir-6925-3p	0	0	0	1	1	0
mmu-mir-1927-5p	0	1	1	0	0	1
mmu-mir-7658-3p	0	0	1	1	0	0
mmu-mir-1970-3p	1	0	0	0	0	1
mmu-mir-1893-3p	0	0	0	0	1	0
mmu-mir-6944-5p	0	0	2	0	0	0
mmu-mir-1894-5p	0	0	0	1	0	0
mmu-mir-124-2-3p	0	0	0	1	0	0
mmu-mir-6923-3p	1	0	0	0	0	0
mmu-mir-5134-5p	1	0	0	1	0	1
mmu-mir-935-5p	1	2	1	0	0	1
mmu-mir-6973a-5p	0	0	0	0	1	0
mmu-mir-130c-5p	1	0	0	0	0	0
mmu-mir-7662-3p	0	1	0	0	0	0
mmu-mir-6970-5p	1	0	0	1	0	1
mmu-mir-3112-3p	0	0	0	2	0	0
mmu-mir-7032-5p	0	0	0	1	0	0
mmu-mir-103-1-5p	1	0	0	0	0	0
mmu-mir-7064-5p	0	0	0	1	1	0
mmu-mir-6923-5p	1	0	0	0	0	0
mmu-mir-6919-3p	0	0	1	0	0	1
mmu-mir-1903-3p	0	1	0	0	0	1
mmu-mir-7668-3p	0	0	0	0	0	1
mmu-mir-7237-5p	1	0	0	1	1	1
mmu-mir-6351-5p	0	0	1	1	0	0
mmu-mir-874-5p	0	0	0	0	0	1
mmu-mir-6921-3p	2	1	1	0	0	2
mmu-mir-344-1-5p	0	1	1	0	1	0
mmu-mir-6537-3p	0	0	1	0	0	0
mmu-mir-683-2-5p	0	0	0	0	0	1
mmu-mir-7060-5p	0	0	1	0	0	0
mmu-mir-669b-5p	0	0	1	0	0	0
mmu-let-7k-5p	1	0	1	0	0	0
mmu-mir-3618-5p	0	0	0	1	1	0
mmu-mir-7119-5p	0	0	1	0	0	0
mmu-mir-1971-3p	0	0	0	0	0	1
mmu-mir-6988-5p	1	0	0	0	0	0
mmu-mir-3110-3p	0	0	1	0	0	0
mmu-mir-546-3p	0	0	1	1	0	0
mmu-mir-7668-5p	1	0	0	0	1	0
mmu-mir-1958-3p	0	1	0	1	0	0
mmu-mir-6912-5p	0	0	1	0	1	0
mmu-mir-7057-3p	0	0	1	0	0	0
mmu-mir-6950-3p	1	1	1	1	0	0
mmu-mir-6984-5p	1	0	0	0	1	0
mmu-mir-6966-5p	1	1	0	0	0	0
mmu-mir-5710-3p	1	0	0	1	0	1
mmu-mir-7085-5p	1	0	0	0	0	0
mmu-mir-6900-5p	0	1	1	1	1	1
mmu-mir-7005-5p	0	0	0	1	0	0
mmu-mir-719-3p	0	1	0	1	0	1
mmu-mir-7019-3p	1	0	0	0	0	0
mmu-mir-451a-3p	0	0	0	1	0	0
mmu-mir-7041-3p	1	0	0	0	0	0
mmu-mir-6348-5p	0	0	1	2	0	1
mmu-mir-6946-5p	0	0	0	2	1	0
mmu-mir-6934-5p	1	0	0	1	0	0
mmu-mir-3083-5p	0	1	0	0	0	0
mmu-mir-7019-5p	0	1	0	0	0	0
mmu-mir-6381-3p	0	0	0	1	1	0
mmu-mir-3067-5p	0	1	0	0	1	1
mmu-mir-7231-3p	1	0	0	0	0	0
mmu-mir-7003-3p	0	0	0	1	0	1
mmu-mir-2183-5p	0	0	0	1	0	0
mmu-mir-691-5p	0	1	0	0	0	0
mmu-mir-7071-3p	1	0	1	0	1	1
mmu-mir-883b-5p	0	0	0	1	0	0
mmu-mir-688-3p	0	0	0	0	1	0
mmu-mir-7079-5p	0	1	0	0	0	0
mmu-mir-6906-5p	1	0	0	1	0	0
mmu-mir-6994-5p	1	0	1	1	1	0
mmu-mir-6959-5p	0	2	0	1	0	0
mmu-mir-7674-3p	0	0	0	0	0	1
mmu-mir-6986-5p	0	1	0	1	0	0
mmu-mir-6374-3p	0	1	0	0	0	0
mmu-mir-6353-3p	0	1	0	0	0	0
mmu-mir-5113-3p	0	0	0	0	1	1
mmu-mir-7034-3p	1	0	0	0	1	0
mmu-mir-710-3p	0	0	0	1	0	0
mmu-mir-5618-5p	0	0	0	1	0	0
mmu-mir-6898-5p	1	1	1	1	0	1
mmu-mir-1941-5p	0	1	0	0	0	0
mmu-mir-5617-5p	1	0	1	0	1	1
mmu-mir-1906-2-3p	1	0	0	0	1	0
mmu-mir-3087-3p	1	0	1	2	0	1
mmu-mir-6411-5p	0	0	0	1	0	0
mmu-mir-7009-5p	0	1	0	1	0	1
mmu-mir-7031-5p	0	1	0	2	1	0
mmu-mir-6927-5p	1	1	0	0	0	0
mmu-mir-7036a-3p	0	0	0	0	0	1
mmu-mir-1931-5p	0	1	0	0	0	0
mmu-mir-6910-3p	0	0	0	1	0	0
mmu-mir-6918-3p	0	0	0	0	0	1
mmu-mir-297a-2-5p	0	0	0	0	0	1
mmu-mir-711-5p	0	0	1	0	0	0
mmu-mir-5108-3p	0	1	1	0	1	1
mmu-mir-218-1-3p	1	1	1	1	0	0
mmu-mir-6964-5p	1	0	0	0	0	0
mmu-mir-7659-3p	0	0	0	2	0	0
mmu-mir-5135-3p	1	0	0	0	0	0
mmu-mir-7054-3p	2	0	0	0	0	2
mmu-mir-7117-3p	1	0	0	0	0	0
mmu-mir-3101-3p	0	1	0	0	0	0
mmu-mir-6345-5p	0	0	0	0	0	1
mmu-mir-449b-3p	0	0	1	0	0	0
mmu-mir-5124a-3p	0	0	0	1	0	1
mmu-mir-5131-3p	0	0	0	1	0	0
mmu-mir-6402-3p	0	0	1	0	0	0
mmu-mir-124-1-3p	0	0	0	0	0	1
mmu-mir-343-3p	0	0	1	0	0	0
mmu-mir-8102-5p	0	0	2	0	0	0
mmu-let-7j-5p	0	0	2	0	1	1
mmu-mir-7032-3p	0	0	1	0	0	0
mmu-mir-7038-3p	0	0	1	0	0	0
mmu-mir-6906-3p	0	0	1	0	0	0
mmu-mir-6412-5p	2	1	0	0	0	0
mmu-mir-192-3p	1	0	0	1	0	0
mmu-mir-8111-3p	0	0	1	0	0	0
mmu-mir-5116-5p	0	1	0	0	0	0
mmu-mir-6917-3p	0	1	0	0	0	0
mmu-mir-6897-3p	0	0	1	0	0	1
mmu-mir-142b-3p	0	0	0	0	1	0
mmu-mir-6363-5p	0	1	0	0	0	0
mmu-mir-7226-5p	0	0	0	0	0	2
mmu-mir-5135-5p	1	0	0	1	0	0
mmu-mir-6936-3p	0	0	1	0	0	0
mmu-mir-8100-5p	0	0	0	1	0	0
mmu-mir-767-5p	0	0	0	1	1	0
mmu-mir-190b-3p	0	0	1	0	1	0
mmu-mir-467h-5p	1	0	0	0	0	1
mmu-mir-7067-5p	0	1	0	0	0	0
mmu-mir-7028-5p	0	0	0	1	0	1
mmu-mir-8091-5p	2	0	0	0	0	0
mmu-mir-5709-5p	1	0	2	0	0	0
mmu-mir-8115-5p	0	0	1	0	0	0
mmu-mir-7012-5p	1	0	0	0	1	0
mmu-mir-7674-5p	0	0	1	1	0	0
mmu-mir-6947-5p	1	2	0	1	0	0
mmu-mir-6981-3p	0	1	1	1	0	0
mmu-mir-7022-5p	1	0	0	0	0	0
mmu-mir-7005-3p	1	0	0	0	0	0
mmu-mir-7020-5p	0	1	0	0	0	0
mmu-mir-6340-3p	0	0	0	0	1	0
mmu-mir-1191b-3p	1	0	0	1	0	1
mmu-mir-7042-3p	0	1	1	1	0	0
mmu-mir-7082-3p	0	0	0	1	0	0
mmu-mir-5626-5p	0	0	0	1	0	0
mmu-mir-7016-3p	0	0	2	0	0	0
mmu-mir-6978-3p	0	1	0	0	0	0
mmu-mir-1224-3p	0	0	0	1	1	1
mmu-mir-1962-5p	0	0	0	1	0	0
mmu-mir-3058-5p	0	2	2	1	0	0
mmu-mir-6896-3p	0	0	0	1	0	0
mmu-mir-669a-1-3p	0	0	0	0	0	1
mmu-mir-5107-5p	0	0	0	1	0	0
mmu-mir-6913-5p	1	2	0	0	0	0
mmu-mir-6959-3p	1	1	1	0	0	0
mmu-mir-7071-5p	2	0	0	0	0	0
mmu-mir-6991-3p	0	1	0	0	0	1
mmu-mir-7675-5p	0	0	1	0	0	0
mmu-mir-7663-3p	1	1	2	0	0	0
mmu-mir-7222-3p	0	0	0	0	0	1
mmu-mir-8092-3p	1	1	0	0	1	0
mmu-mir-713-3p	0	0	0	0	0	1
mmu-mir-7670-3p	1	0	0	0	0	1
mmu-mir-669d-5p	0	1	1	0	0	0
mmu-mir-7002-5p	2	0	0	1	0	0
mmu-mir-2861-3p	0	0	0	0	0	1
mmu-mir-137-3p	0	0	0	2	0	1
mmu-mir-3097-5p	0	0	0	1	1	1
mmu-mir-1929-3p	0	0	0	1	0	0
mmu-mir-7119-3p	0	0	1	0	0	1
mmu-mir-6902-5p	0	0	1	0	0	1
mmu-mir-6975-5p	0	0	1	0	0	0
mmu-mir-683-2-3p	0	0	0	1	0	0
mmu-mir-7b-3p	1	0	0	0	0	0
mmu-mir-6963-5p	1	0	0	1	0	0
mmu-mir-7027-3p	0	1	1	0	0	1
mmu-mir-7243-3p	0	0	1	0	0	0
mmu-mir-7654-3p	1	0	0	1	0	0
mmu-mir-8105-5p	0	0	0	1	0	0
mmu-mir-3473g-5p	1	0	0	0	0	0
mmu-mir-133b-5p	0	0	0	0	1	0
mmu-mir-3960-3p	0	0	1	1	0	2
mmu-mir-297c-3p	1	0	0	0	0	0
mmu-mir-7687-3p	0	0	1	0	0	0
mmu-mir-6370-5p	0	0	1	0	0	0
mmu-mir-6962-5p	0	0	1	1	0	1
mmu-let-7g-3p	1	0	1	1	1	0
mmu-mir-190a-3p	0	0	0	1	1	1
mmu-mir-6362-5p	0	1	0	1	0	0
mmu-mir-194-1-3p	2	0	0	0	0	0
mmu-mir-6954-3p	1	1	1	0	0	0
mmu-mir-3106-3p	0	0	0	1	0	0
mmu-mir-3618-3p	1	0	0	0	2	0
mmu-mir-1982-5p	0	0	0	1	0	0
mmu-mir-6954-5p	1	0	0	1	0	1
mmu-mir-680-2-5p	0	0	0	1	0	0
mmu-mir-760-5p	1	0	1	1	2	1
mmu-mir-6909-5p	0	1	0	0	1	0
mmu-mir-7037-3p	0	1	0	0	0	0
mmu-mir-1928-3p	0	1	0	0	0	0
mmu-mir-804-5p	0	0	0	0	1	0
mmu-mir-7664-3p	0	1	0	2	0	0
mmu-mir-7090-5p	0	0	0	1	0	0
mmu-mir-374b-5p	0	1	0	1	0	0
mmu-mir-7041-5p	1	0	1	0	0	0
mmu-mir-7661-5p	0	0	0	1	0	0
mmu-mir-6939-3p	0	1	0	0	0	0
mmu-mir-5616-5p	2	0	1	1	1	0
mmu-mir-879-3p	0	0	0	1	0	0
mmu-mir-551b-3p	0	0	0	1	0	0
mmu-mir-686-5p	0	0	0	0	0	1
mmu-mir-1264-5p	1	1	1	2	0	0
mmu-mir-6388-3p	1	0	2	0	0	1
mmu-mir-6907-5p	0	2	1	0	0	0
mmu-mir-202-5p	1	0	1	1	0	1
mmu-mir-8098-5p	0	0	0	0	0	1
mmu-mir-3075-5p	0	0	0	1	0	0
mmu-mir-7046-5p	1	2	0	0	0	0
mmu-mir-1197-5p	1	1	1	1	1	0
mmu-mir-6963-3p	0	0	0	1	1	1
mmu-mir-7647-5p	0	0	1	0	1	0
mmu-mir-8101-5p	1	0	0	0	0	1
mmu-mir-3962-3p	1	0	2	0	1	0
mmu-mir-204-3p	0	0	1	0	0	0
mmu-mir-5624-3p	0	0	0	1	0	0
mmu-mir-6971-5p	0	1	0	0	0	0
mmu-mir-7013-5p	1	1	0	0	0	0
mmu-mir-7067-3p	0	2	1	0	1	0
mmu-mir-5627-3p	0	0	0	1	0	0
mmu-mir-7230-5p	0	1	0	1	1	0
mmu-mir-196b-3p	2	0	0	0	0	1
mmu-mir-130c-3p	0	0	0	1	0	0
mmu-mir-6769b-3p	0	1	1	0	0	0
mmu-mir-3063-5p	1	0	1	2	1	2
mmu-mir-6993-3p	0	0	0	1	0	0
mmu-mir-7211-3p	0	0	1	0	0	1
mmu-mir-6951-3p	1	0	0	0	0	0
mmu-mir-292b-5p	0	0	0	0	0	1
mmu-mir-3552-5p	1	1	0	1	0	0
mmu-mir-1907-3p	0	0	0	0	0	1
mmu-mir-3094-5p	0	1	0	0	0	0
mmu-mir-3105-5p	0	0	0	1	0	0
mmu-mir-6999-3p	0	0	0	0	0	1
mmu-let-7c-1-3p	0	0	1	0	0	0
mmu-mir-6360-5p	0	1	0	0	0	0
mmu-mir-3970-5p	1	1	0	0	1	2
mmu-mir-7242-3p	1	0	0	0	0	0
mmu-mir-5104-3p	0	1	1	1	2	0
mmu-mir-8101-3p	0	1	0	0	0	0
mmu-mir-5120-5p	0	0	0	1	0	0
mmu-mir-6360-3p	0	0	0	1	0	0
mmu-mir-7068-5p	1	0	1	1	0	1
mmu-mir-9-1-3p	1	0	0	0	0	0
mmu-mir-881-5p	2	0	0	0	0	0
mmu-mir-7000-3p	0	1	1	1	0	0
mmu-mir-6969-3p	0	0	0	0	1	1
mmu-mir-6958-5p	0	0	0	0	0	1
mmu-mir-3471-2-5p	1	1	0	1	0	1
mmu-mir-7044-5p	0	1	0	0	1	1
mmu-mir-6911-5p	0	0	1	1	0	0
mmu-mir-544-5p	0	1	0	2	0	1
mmu-mir-6394-3p	0	0	1	0	0	0
mmu-mir-7672-5p	1	0	0	0	0	0
mmu-mir-6992-3p	0	0	0	2	0	0
mmu-mir-7016-5p	0	1	0	0	0	1
mmu-mir-1928-5p	0	0	1	0	0	0
mmu-mir-7063-3p	0	0	0	2	0	2
mmu-mir-6367-5p	0	0	1	1	0	0
mmu-mir-7008-5p	1	0	0	0	0	0
mmu-mir-7020-3p	1	0	0	0	0	0
mmu-mir-3473c-3p	1	0	0	1	0	1
mmu-mir-99a-3p	0	0	0	1	0	0
mmu-mir-3085-5p	0	1	0	1	0	0
mmu-mir-6942-3p	0	0	1	0	0	0
mmu-mir-6986-3p	1	1	1	0	0	0
mmu-mir-7214-5p	0	0	0	1	0	0
mmu-mir-3473a-5p	0	0	0	0	0	1
mmu-mir-344e-3p	1	0	0	0	0	0
mmu-mir-3062-3p	0	0	0	1	0	0
mmu-mir-6915-3p	0	1	0	0	0	1
mmu-mir-7654-5p	0	1	1	0	0	1
mmu-mir-6952-5p	0	0	1	1	0	0
mmu-mir-7222-5p	0	0	1	0	0	0
mmu-mir-6973b-3p	0	0	1	0	0	0
mmu-mir-3079-3p	0	0	1	1	1	0
mmu-mir-6406-3p	0	0	0	0	1	0
mmu-mir-7239-3p	0	1	0	1	0	0
mmu-mir-8090-3p	0	0	1	1	0	0
mmu-mir-6925-5p	0	0	0	0	2	0
mmu-mir-7647-3p	0	1	1	0	0	1
mmu-mir-8098-3p	0	0	0	0	1	0
mmu-mir-137-5p	1	0	0	0	0	0
mmu-mir-6927-3p	0	1	0	0	0	0
mmu-mir-7666-5p	1	0	0	0	0	0
mmu-mir-497b-3p	0	0	0	0	1	0
mmu-mir-6970-3p	0	0	0	1	0	1
mmu-mir-30f-5p	1	0	0	0	1	1
mmu-mir-5101-3p	1	0	0	0	0	0
mmu-mir-705-5p	0	0	0	0	1	0
mmu-mir-7061-5p	0	0	0	1	0	1
mmu-mir-6358-3p	0	1	1	0	0	0
mmu-mir-5121-5p	0	0	1	0	0	0
mmu-mir-7081-3p	2	1	0	0	1	0
mmu-mir-5106-5p	0	0	1	0	0	0
mmu-mir-7235-3p	0	0	2	1	1	0
mmu-mir-5133-5p	1	1	0	0	1	0
mmu-mir-7030-5p	0	0	0	1	0	0
mmu-mir-6941-5p	1	0	0	0	0	0
mmu-mir-669k-5p	0	2	0	2	0	0
mmu-mir-6980-3p	0	0	1	1	0	0
mmu-mir-3057-3p	0	2	2	0	1	0
mmu-mir-7649-5p	2	0	0	1	0	0
mmu-mir-7035-3p	0	0	0	0	1	0
mmu-mir-203-5p	0	1	0	0	1	1
mmu-mir-3572-3p	2	1	1	2	2	1
mmu-mir-8119-3p	0	0	1	0	0	0
mmu-mir-3088-3p	0	0	1	1	0	2
mmu-mir-6404-3p	0	0	0	0	1	0
mmu-mir-7229-3p	0	0	0	0	0	1
mmu-mir-201-5p	0	2	0	0	0	0
mmu-mir-7009-3p	1	0	0	0	0	0
mmu-mir-7062-5p	0	1	1	0	0	0
mmu-mir-882-5p	1	0	0	0	0	0
mmu-mir-488-5p	2	0	0	0	1	0
mmu-mir-8113-3p	0	0	0	0	0	1
mmu-mir-7013-3p	0	0	0	1	0	0
mmu-mir-3090-5p	0	0	0	1	0	0
mmu-mir-290b-5p	0	0	0	0	0	1
mmu-mir-5619-3p	0	1	0	0	0	0
mmu-mir-804-3p	0	0	0	1	0	0
mmu-mir-5124b-5p	0	0	0	1	0	0
mmu-mir-101a-5p	0	0	0	1	1	1
mmu-let-7f-1-3p	0	1	2	0	0	1
mmu-mir-7066-3p	0	0	0	0	0	1
mmu-mir-764-5p	0	0	0	1	0	1
mmu-mir-211-3p	0	1	0	0	0	0
mmu-mir-6922-5p	0	0	1	2	0	0
mmu-mir-682-5p	0	0	1	1	1	1
mmu-mir-669k-3p	1	0	0	1	0	1
mmu-mir-208b-5p	0	0	0	0	1	0
mmu-mir-7017-3p	0	0	0	0	2	0
mmu-mir-7220-5p	0	0	0	1	0	0
totaldepth	3138861	2700947	2610337	4041101	1950297	2133711
