	new2/mouse_sc11.lane.clean.processed.fa.gz	new2/mouse_sc12.lane.clean.processed.fa.gz	new2/mouse_sc21.lane.clean.processed.fa.gz	new2/mouse_sc22.lane.clean.processed.fa.gz	new2/mouse_sc31.lane.clean.processed.fa.gz	new2/mouse_sc32.lane.clean.processed.fa.gz	new2/mouse_wt11.lane.clean.processed.fa.gz	new2/mouse_wt12.lane.clean.processed.fa.gz	new2/mouse_wt21.lane.clean.processed.fa.gz	new2/mouse_wt22.lane.clean.processed.fa.gz	new2/mouse_wt31.lane.clean.processed.fa.gz	new2/mouse_wt32.lane.clean.processed.fa.gz
mmu-mir-21a-5p	278668	280045	38762	38514	97264	96702	217397	218628	334835	336715	624135	625531
mmu-mir-148a-3p	110544	110401	176597	175996	124847	124756	162703	162976	91963	92710	117828	119052
mmu-mir-302b-3p	58481	58292	10532	10726	24854	25222	98562	98801	66635	66459	55970	56070
mmu-mir-293-3p	89823	89585	62657	62819	64653	65161	88616	88365	63669	63795	90395	88827
mmu-mir-127-3p	44162	44319	49320	49840	54867	54824	54337	54636	31339	31856	59596	59446
mmu-mir-381-3p	27942	27948	41520	41802	39032	39550	48173	48399	30557	30384	57654	58104
mmu-mir-182-5p	39769	39668	34573	34675	43383	43551	52513	52274	30873	30878	57429	57093
mmu-mir-293-5p	51546	51682	32693	32580	28341	28476	46133	45869	29328	29522	51607	51924
mmu-mir-7a-1-5p	32151	31876	35428	35064	36952	37341	41840	41619	20852	21124	33163	33019
mmu-mir-302a-5p	26391	26638	5858	5902	12569	12510	39077	38685	27801	27853	28311	28358
mmu-mir-27b-3p	19323	19552	14462	14568	14783	14733	19662	20014	18502	18729	32154	33132
mmu-mir-295-3p	25912	26127	17201	17194	19759	19812	23088	22963	21527	21579	32071	32163
mmu-mir-302d-3p	18474	18509	4531	4640	10648	10658	31886	31935	25074	24893	24175	23954
mmu-mir-183-5p	19751	19630	18557	18543	23990	24147	24290	24204	16884	17416	30855	31075
mmu-mir-291a-3p	25631	25595	23964	24087	20057	20050	26734	26628	27554	27437	30704	30735
mmu-mir-99b-5p	13008	12854	6448	6440	8023	8073	22736	23286	16090	16200	28652	28828
mmu-mir-92a-1-3p	20675	20804	17325	17140	23240	23634	22032	22255	19778	20101	27314	27134
mmu-mir-379-5p	17062	16864	18050	17914	15296	15264	21939	21960	15184	15160	25934	26318
mmu-mir-541-5p	17407	17682	15673	15634	16839	16609	22655	22915	14531	14712	25701	25754
mmu-mir-5099-3p	21217	21628	13037	13069	11923	11772	25247	25399	14443	14766	16618	16683
mmu-mir-434-5p	15662	15804	14790	14776	13945	13967	23281	23524	12422	12595	18737	18913
mmu-mir-292a-3p	18973	18876	10169	10210	12508	12533	16242	16194	13496	13622	16207	16033
mmu-mir-363-3p	9675	9759	14794	14900	15125	15079	18304	18201	10142	10091	11057	11262
mmu-mir-25-3p	11635	11840	10720	10595	11756	11910	16071	15867	12512	12342	17807	18020
mmu-mir-302a-3p	9931	9973	2211	2177	4911	5117	16997	17193	14473	14895	12796	12764
mmu-mir-20a-5p	9106	9002	9987	9870	9785	9630	11912	11935	10518	10427	14774	14763
mmu-mir-294-3p	13153	13192	7357	7144	9455	9530	11211	11423	12714	12653	14502	14630
mmu-mir-467a-2-5p	14151	13948	9763	9688	8598	8654	6825	6775	8162	8318	14033	13916
mmu-mir-9-3-5p	4467	4414	4685	4699	7194	7262	14130	14108	5273	5400	8941	8864
mmu-mir-200b-3p	12200	12189	6594	6546	6855	6794	9399	9348	6197	6067	13471	13301
mmu-mir-26a-2-5p	8456	8503	7951	7905	9427	9407	9144	9247	8465	8400	12058	12025
mmu-mir-300-3p	6693	6638	8097	7860	8278	8161	9257	9423	5740	5867	11815	11718
mmu-mir-96-5p	4980	4973	6491	6269	7667	7785	7643	7826	6409	6475	10118	10374
mmu-mir-370-3p	7056	7229	8817	8815	9542	9729	8565	8738	6265	6344	10052	10030
mmu-mir-30a-5p	6194	6071	5091	5073	5455	5648	7524	7417	5853	5990	9956	9974
mmu-mir-411-5p	5955	6090	5787	5781	6344	6403	7457	7439	5886	6092	9704	9658
mmu-mir-20b-5p	5835	5877	9411	9261	8707	8596	8755	8663	5035	5116	5514	5492
mmu-mir-409-3p	6905	7086	6315	6334	7382	7280	9348	9051	4993	5084	9124	9311
mmu-mir-30d-5p	6897	6895	4713	4561	6368	6576	6829	6959	6257	6147	9057	9061
mmu-mir-101b-3p	4947	4836	5194	5263	4835	4854	6264	6405	4785	4894	8823	8911
mmu-mir-134-5p	4659	4782	5718	5958	5403	5366	6502	6623	4260	4348	8180	8109
mmu-mir-27a-3p	2999	2911	1005	1035	2466	2351	4434	4410	5175	5110	8144	8086
mmu-mir-17-5p	4959	4875	5450	5316	5558	5394	6157	6173	5962	5990	8132	7967
mmu-mir-103-2-3p	3940	3992	3538	3443	3366	3402	4912	4851	4369	4390	7620	7657
mmu-mir-200a-3p	5297	5272	3041	2985	3666	3537	4206	4209	3325	3319	7525	7361
mmu-mir-302c-3p	3426	3611	1051	1083	2100	2113	7314	7210	5802	6053	5031	5152
mmu-mir-92a-2-3p	5172	5115	5543	5407	6943	7112	5637	5480	4360	4244	4902	5066
mmu-mir-151-3p	3718	3842	2608	2646	3115	3064	6167	6158	4193	4063	5160	5384
mmu-mir-10b-5p	807	689	396	324	546	520	1409	1379	4521	4798	6097	5988
mmu-mir-378a-3p	3382	3485	3491	3401	3763	3874	5968	6094	3825	3865	5603	5567
mmu-mir-93-5p	3470	3490	3873	3853	3768	3782	4476	4520	4219	4406	5976	5887
mmu-mir-140-3p	2209	2244	2566	2512	2554	2612	4418	4398	3124	3240	5849	5878
mmu-mir-532-5p	4090	4170	1632	1632	1928	1909	3553	3444	3088	3022	5788	5719
mmu-mir-218-1-5p	1618	1617	972	979	1420	1372	5347	5317	5770	5710	5397	5463
mmu-mir-335-3p	3291	3251	1323	1365	334	346	3887	3847	4335	4333	5401	5440
mmu-mir-106a-5p	2577	2641	5288	5201	4380	4503	4247	4204	2310	2369	2777	2761
mmu-mir-148b-3p	3236	3295	3067	3183	2971	2830	4125	4130	3015	3018	5172	5223
mmu-mir-341-3p	2468	2555	3380	3482	3524	3555	3833	3954	2275	2403	5144	4974
mmu-mir-106b-3p	3642	3566	3284	3222	3246	3258	4366	4670	2913	2792	4254	4186
mmu-mir-669c-5p	4459	4669	2128	2148	2404	2376	3261	3047	2004	2108	3964	3826
mmu-mir-30c-2-5p	2864	2837	3012	2996	4060	4062	3999	3931	3282	3338	4250	4336
mmu-mir-323-3p	2681	2639	2535	2623	3108	3107	3337	3381	2414	2468	4116	4214
mmu-mir-291a-5p	3732	3785	2416	2362	3101	3105	2558	2569	2846	2843	4116	4194
mmu-mir-143-3p	931	942	1766	1767	1327	1331	1182	1205	3077	3023	4111	4150
mmu-mir-101a-3p	2073	2235	3613	3689	3165	3066	2574	2595	2003	2044	4099	3983
mmu-mir-672-5p	3145	3193	3737	3608	3929	3898	2954	3004	1048	1038	1718	1715
mmu-mir-32-5p	2237	2289	1972	1868	1941	1979	2819	2969	2683	2723	3915	3895
mmu-mir-26b-5p	1521	1583	768	769	1490	1524	2218	2304	2701	2875	3807	3674
mmu-mir-669a-2-5p	2951	2990	1934	1974	1840	1848	1894	1918	2035	2020	3793	3796
mmu-mir-543-3p	2375	2458	1937	1904	3154	3080	2759	3013	1791	1735	2482	2518
mmu-mir-27a-5p	1315	1298	232	247	517	512	2786	2795	1063	996	1432	1440
mmu-mir-200a-5p	2484	2552	870	836	736	688	2664	2737	627	655	1320	1329
mmu-mir-423-3p	1881	1947	1382	1342	1755	1826	1860	1922	1903	1930	2680	2655
mmu-mir-191-5p	2052	2125	1633	1609	1824	1880	1634	1608	1445	1400	2585	2617
mmu-mir-758-3p	1285	1355	1536	1436	1643	1744	2057	2011	1496	1540	2454	2570
mmu-mir-340-5p	1381	1395	1398	1424	1633	1583	1902	1806	1587	1574	2561	2533
mmu-mir-181d-5p	958	970	578	610	1219	1271	1502	1488	1591	1563	2507	2489
mmu-mir-126a-3p	1518	1555	2228	2285	1994	2105	2482	2390	1221	1278	1620	1713
mmu-mir-494-3p	1331	1363	1403	1451	1673	1695	1420	1372	1384	1377	2476	2417
mmu-mir-3963-5p	539	593	2112	2167	2465	2440	1123	1112	1859	1921	2078	2086
mmu-mir-495-3p	1655	1644	1448	1456	1883	1964	1969	1994	1516	1545	2411	2384
mmu-mir-337-5p	1751	1765	1524	1585	1844	1823	1702	1644	1504	1438	2391	2400
mmu-mir-434-3p	1740	1733	1387	1388	1783	1851	1855	1802	1542	1553	2314	2324
mmu-mir-99b-3p	1178	1219	514	542	801	784	2051	2058	1204	1220	2248	2097
mmu-mir-409-5p	1213	1208	1397	1412	1193	1207	1371	1432	1136	1160	2148	2175
mmu-mir-136-5p	1237	1309	1146	1176	1315	1323	2075	2144	1626	1661	2094	2023
mmu-mir-19b-2-3p	1208	1273	1684	1677	1823	1773	1862	1743	1422	1510	2138	2095
mmu-mir-125a-5p	1038	1033	433	395	883	838	1421	1429	1584	1671	2082	2071
mmu-mir-18b-5p	1007	1009	1731	1738	1585	1505	2037	2061	1133	1083	1282	1304
mmu-mir-135b-5p	1022	998	792	831	1204	1235	1440	1479	1732	1760	1954	2056
mmu-mir-28a-3p	942	981	261	253	361	361	1001	1033	992	955	2016	2031
mmu-mir-299a-3p	1260	1139	1192	1125	1077	1172	1342	1371	1016	995	2016	1950
mmu-mir-6240-3p	333	393	794	796	729	713	343	339	1410	1360	1967	2002
mmu-mir-382-3p	929	987	936	970	1032	964	1344	1347	804	822	1909	1831
mmu-mir-200c-3p	1850	1888	1184	1124	1307	1359	1104	1101	788	849	1724	1704
mmu-mir-23a-3p	533	523	185	160	408	450	666	673	1039	1001	1814	1803
mmu-mir-16-2-5p	831	846	819	821	941	946	949	977	1095	1091	1683	1773
mmu-mir-210-3p	1489	1534	1548	1621	1682	1739	1071	1117	771	774	1148	1164
mmu-mir-136-3p	975	955	1105	1146	1105	1079	1257	1236	823	809	1739	1729
mmu-mir-455-5p	915	898	276	331	492	513	1680	1715	1108	1095	1511	1445
mmu-mir-467c-5p	1689	1603	638	639	697	677	819	828	797	832	1217	1201
mmu-mir-298-5p	871	836	732	735	875	917	1085	1063	1193	1225	1517	1682
mmu-mir-224-5p	841	813	148	205	390	390	983	995	1129	1136	1680	1676
mmu-mir-382-5p	1039	1013	959	936	1013	1032	1458	1542	953	928	1662	1662
mmu-mir-34c-5p	1399	1394	1162	1188	674	644	1333	1303	826	891	1631	1659
mmu-mir-127-5p	901	952	1014	985	1079	1014	1192	1224	787	771	1565	1646
mmu-mir-431-5p	720	827	983	979	945	911	1072	1088	855	842	1640	1474
mmu-mir-186-5p	860	848	633	619	654	682	1205	1226	1114	1123	1618	1545
mmu-mir-146a-5p	694	672	133	121	247	255	891	858	967	1010	1548	1554
mmu-mir-128-2-3p	1108	1203	1044	1026	1261	1290	1424	1542	933	921	1162	1093
mmu-mir-429-3p	988	925	632	609	678	692	879	907	699	611	1531	1415
mmu-mir-106b-5p	672	730	896	919	879	883	1017	986	881	841	1496	1528
mmu-mir-410-3p	632	653	891	887	945	916	852	784	732	772	1482	1507
mmu-mir-23b-3p	785	820	639	653	760	726	734	706	886	890	1379	1470
mmu-mir-653-5p	876	934	388	383	776	729	1462	1462	645	660	902	878
mmu-mir-34a-5p	701	689	756	719	745	750	662	692	787	716	1426	1457
mmu-mir-22-3p	511	526	170	145	347	310	304	360	845	873	1378	1424
mmu-mir-744-5p	1138	1131	612	672	777	796	875	961	975	1005	1422	1419
mmu-mir-218-2-5p	386	359	139	121	206	204	1371	1415	813	891	929	913
mmu-mir-708-3p	840	830	1308	1371	1138	1165	1240	1258	517	548	709	767
mmu-mir-872-5p	794	792	606	667	780	745	1055	1060	954	929	1347	1224
mmu-mir-467e-5p	1317	1209	690	681	632	626	726	752	722	705	1192	1194
mmu-mir-361-3p	933	956	588	547	704	695	1309	1273	857	835	1259	1168
mmu-mir-369-3p	472	486	610	589	741	759	536	557	695	667	1259	1289
mmu-mir-411-3p	846	904	788	867	1005	1013	724	710	771	827	1172	1176
mmu-mir-540-3p	810	741	939	891	864	865	882	905	639	700	1168	1127
mmu-mir-433-3p	759	737	881	791	1114	1166	769	775	705	656	1113	1051
mmu-mir-329-5p	514	507	639	686	659	658	629	631	585	571	1032	1050
mmu-mir-466c-1-3p	1030	965	343	385	481	511	227	229	433	413	590	591
mmu-mir-221-3p	945	855	272	301	625	670	874	914	746	754	1025	933
mmu-mir-376b-3p	620	563	813	805	904	933	790	750	556	536	973	964
mmu-mir-1a-2-3p	359	331	169	170	201	184	400	401	436	477	960	962
mmu-mir-320-3p	466	428	363	401	504	496	652	661	556	534	896	961
mmu-mir-320-5p	36	49	193	214	281	251	38	31	650	687	934	904
mmu-mir-296-3p	831	822	536	552	794	803	790	798	785	805	916	924
mmu-mir-674-3p	640	628	380	347	429	463	757	726	748	700	898	884
mmu-mir-152-3p	485	486	881	829	658	657	488	502	500	515	839	833
mmu-mir-679-5p	641	652	470	451	569	524	801	806	430	434	859	875
mmu-mir-5126-3p	49	52	123	129	133	125	46	48	527	445	852	831
mmu-mir-363-5p	530	563	531	531	610	591	822	849	353	366	484	452
mmu-mir-380-3p	432	487	568	552	531	568	651	563	462	466	829	848
mmu-mir-203-3p	579	525	288	262	386	388	758	688	428	436	798	833
mmu-mir-92b-3p	759	771	363	326	652	708	674	654	605	598	816	823
mmu-mir-19a-3p	471	497	644	631	759	763	677	672	561	643	817	796
mmu-mir-10a-5p	279	252	344	368	416	393	494	458	816	752	739	766
mmu-let-7g-5p	369	411	761	779	597	579	346	353	317	319	557	572
mmu-mir-379-3p	594	546	479	548	596	570	434	461	502	522	745	773
mmu-mir-423-5p	620	636	357	335	489	428	664	695	475	539	746	730
mmu-mir-16-1-3p	531	526	290	303	305	318	731	714	343	347	563	572
mmu-mir-28a-5p	304	275	75	84	136	140	260	282	440	429	728	689
mmu-mir-669l-5p	650	594	330	334	361	344	427	406	401	415	689	725
mmu-mir-1193-3p	401	355	361	398	438	421	333	391	386	402	683	721
mmu-mir-335-5p	249	259	135	132	19	34	339	396	654	621	673	716
mmu-mir-18a-5p	366	355	405	402	434	434	554	523	445	510	654	715
mmu-mir-708-5p	289	270	706	691	682	685	308	313	212	218	292	303
mmu-mir-669o-5p	522	540	312	275	358	342	340	337	386	416	700	661
mmu-mir-669e-5p	513	517	277	275	326	310	283	267	256	292	663	695
mmu-mir-484-5p	406	431	336	333	497	538	405	406	472	496	689	694
mmu-mir-1934-3p	222	263	477	455	341	371	314	335	642	687	434	420
mmu-mir-130a-3p	395	411	343	353	424	420	503	465	500	435	660	683
mmu-mir-5121-3p	402	406	436	416	387	383	520	559	562	574	657	648
mmu-mir-322-3p	211	254	110	83	140	135	284	281	435	443	642	613
mmu-mir-666-5p	397	390	380	362	386	387	609	599	407	398	612	634
mmu-let-7f-2-5p	292	287	398	409	321	338	347	329	356	383	546	631
mmu-mir-192-5p	290	323	327	322	348	336	372	388	296	343	621	611
mmu-mir-669a-2-3p	610	585	368	365	540	521	179	132	383	411	464	489
mmu-mir-15b-5p	383	386	270	279	341	374	415	434	434	409	608	582
mmu-mir-30a-3p	552	576	298	291	355	361	603	590	404	415	532	519
mmu-mir-129-1-5p	506	506	313	313	486	452	588	598	583	590	547	539
mmu-mir-140-5p	204	235	230	216	235	237	492	513	393	375	564	583
mmu-mir-669m-2-5p	483	512	175	200	249	260	302	290	296	346	583	552
mmu-mir-222-3p	552	542	173	214	396	429	574	570	327	374	478	455
mmu-let-7e-5p	116	152	89	104	138	139	221	233	230	244	511	569
mmu-mir-1983-3p	232	212	281	339	262	264	222	244	387	380	568	556
mmu-mir-652-3p	216	224	201	201	248	254	333	385	345	360	510	561
mmu-mir-450b-5p	324	363	416	409	451	482	557	545	341	348	492	462
mmu-mir-467a-2-3p	555	520	309	296	385	342	165	172	311	305	410	423
mmu-mir-185-5p	342	366	236	255	284	292	357	389	323	326	520	550
mmu-mir-2137-3p	33	22	90	111	144	131	22	20	411	405	543	523
mmu-mir-1839-5p	316	312	362	360	293	278	462	439	308	311	534	517
mmu-mir-485-3p	315	300	360	379	508	534	395	397	251	243	501	466
mmu-mir-6236-3p	26	25	154	149	170	173	18	33	331	325	516	527
mmu-mir-328-3p	161	148	151	124	260	227	310	314	378	359	512	522
mmu-mir-466h-5p	389	346	203	216	221	232	248	247	279	238	436	522
mmu-mir-3535-5p	369	364	308	288	285	250	491	509	340	308	385	378
mmu-mir-130b-5p	365	371	374	371	499	494	495	447	339	347	443	466
mmu-mir-466g-3p	497	496	133	110	153	138	118	109	143	178	203	236
mmu-mir-425-5p	267	253	385	382	289	286	321	307	249	268	482	493
mmu-mir-31-5p	238	231	96	85	119	124	205	206	313	274	486	455
mmu-mir-431-3p	271	260	273	259	303	326	392	372	236	253	482	438
mmu-mir-29a-3p	256	268	437	463	467	474	236	247	188	200	298	299
mmu-mir-341-5p	218	224	453	474	258	274	365	348	129	119	192	233
mmu-mir-148a-5p	384	374	359	388	366	343	447	463	173	183	292	309
mmu-mir-493-5p	199	220	116	125	159	168	305	329	276	301	459	401
mmu-mir-345-3p	193	159	136	151	138	137	253	209	274	287	448	411
mmu-mir-367-3p	267	249	83	79	175	183	436	447	406	395	379	387
mmu-mir-369-5p	292	275	250	248	319	334	358	379	293	272	420	447
mmu-mir-504-5p	332	305	54	48	110	132	401	394	269	255	446	421
mmu-mir-466c-1-5p	333	315	227	235	279	273	180	190	206	215	404	436
mmu-mir-149-5p	229	289	133	131	207	184	313	326	279	319	427	434
mmu-mir-1298-5p	283	299	169	239	190	229	407	430	165	140	195	201
mmu-let-7i-5p	350	349	428	420	367	359	332	318	244	243	395	393
mmu-mir-181c-3p	119	127	101	100	136	142	264	255	231	227	421	414
mmu-mir-1198-5p	317	327	250	221	271	252	419	362	311	303	398	409
mmu-mir-146b-5p	348	351	297	322	257	328	419	408	281	275	419	399
mmu-mir-30b-5p	190	173	224	192	243	235	231	196	242	276	396	418
mmu-mir-6236-5p	38	44	144	169	151	157	56	54	270	257	406	411
mmu-mir-665-3p	204	207	298	265	286	243	206	222	214	229	411	362
mmu-mir-542-3p	191	181	302	278	243	231	358	400	287	279	381	410
mmu-mir-330-5p	188	197	187	151	202	210	269	242	257	231	393	401
mmu-mir-503-5p	124	133	67	75	148	98	241	215	295	269	400	380
mmu-mir-452-5p	167	188	64	55	76	82	260	243	278	298	392	389
mmu-mir-342-3p	193	183	123	157	149	154	222	215	277	228	374	388
mmu-mir-351-5p	169	153	83	80	130	141	320	342	351	362	369	388
mmu-mir-107-3p	162	162	213	172	176	191	235	251	205	186	382	362
mmu-mir-6240-5p	56	46	204	223	233	203	96	91	346	351	378	369
mmu-mir-450a-1-5p	209	205	169	195	262	246	316	337	223	245	302	370
mmu-mir-501-3p	271	282	69	57	107	83	150	167	176	174	364	356
mmu-mir-291b-5p	344	344	222	193	224	254	276	241	233	214	362	326
mmu-mir-362-5p	165	165	75	68	68	76	124	149	174	136	330	350
mmu-mir-3473f-3p	147	147	269	286	216	208	233	214	318	339	288	313
mmu-mir-322-5p	60	50	29	39	50	65	118	144	177	196	281	337
mmu-mir-181a-2-5p	68	89	30	25	81	88	154	143	271	250	335	324
mmu-mir-3473b-3p	81	83	123	149	136	119	139	127	277	332	196	237
mmu-mir-770-3p	237	242	267	222	246	247	288	317	174	182	327	288
mmu-mir-7b-5p	214	176	249	274	325	293	273	278	107	99	177	217
mmu-let-7c-2-5p	220	214	147	136	314	320	245	244	155	179	260	231
mmu-mir-466d-3p	318	309	110	110	172	198	72	57	135	150	213	187
mmu-mir-302c-5p	173	142	57	55	127	130	251	266	270	239	287	318
mmu-mir-380-5p	218	235	182	188	132	142	318	277	155	134	275	287
mmu-mir-205-5p	162	175	232	234	191	191	152	167	152	178	300	317
mmu-mir-301a-5p	231	217	73	78	111	74	256	314	184	168	226	247
mmu-mir-329-3p	169	149	106	110	135	151	169	151	173	187	269	312
mmu-mir-295-5p	245	252	162	175	175	185	254	228	243	248	312	309
mmu-mir-881-3p	168	166	290	279	260	305	198	240	234	205	280	298
mmu-mir-669d-2-5p	202	210	114	131	120	136	116	143	132	136	300	255
mmu-mir-206-3p	82	74	169	173	277	291	144	121	95	76	97	86
mmu-mir-6539-5p	200	195	106	100	109	118	190	164	160	149	289	280
mmu-mir-361-5p	129	145	103	105	123	127	127	140	145	141	287	233
mmu-mir-466o-5p	201	198	161	182	152	144	119	118	149	169	279	285
mmu-mir-99a-5p	89	95	44	45	89	81	278	243	283	272	249	233
mmu-mir-199b-3p	135	125	186	210	195	206	138	149	167	171	265	281
mmu-mir-674-5p	151	133	58	56	92	97	202	152	209	228	280	278
mmu-mir-181b-1-5p	76	74	24	22	72	52	93	104	226	247	271	277
mmu-mir-154-3p	88	100	240	219	271	276	185	187	103	113	256	243
mmu-mir-1195-5p	47	49	166	161	187	219	41	52	203	201	268	274
mmu-mir-376c-3p	174	162	146	160	149	148	199	223	125	139	265	269
mmu-mir-592-5p	60	60	8	13	20	20	187	204	110	133	260	268
mmu-mir-17-3p	151	122	130	160	162	152	178	190	157	150	253	260
mmu-mir-135b-3p	177	177	98	114	127	114	195	217	184	154	255	259
mmu-mir-1191a-3p	150	139	141	155	156	136	205	197	136	138	210	258
mmu-mir-466f-3-5p	177	167	144	155	142	153	109	109	109	131	256	257
mmu-mir-421-3p	246	227	170	161	141	112	148	143	133	157	199	203
mmu-mir-667-5p	169	167	155	141	119	122	245	235	87	76	176	157
mmu-mir-155-5p	115	111	48	55	81	67	139	134	187	177	244	238
mmu-mir-673-5p	158	126	164	142	203	193	158	190	145	164	242	232
mmu-mir-302d-5p	162	202	38	45	81	80	239	240	159	150	169	148
mmu-mir-25-5p	219	219	87	104	113	123	221	236	117	113	180	156
mmu-mir-485-5p	181	175	153	169	141	148	213	231	122	142	197	221
mmu-mir-1981-5p	214	197	128	129	117	139	231	195	146	156	197	215
mmu-mir-370-5p	149	121	156	139	156	167	158	178	123	101	229	208
mmu-mir-125b-1-5p	91	94	41	43	61	52	64	78	134	127	225	221
mmu-mir-1957a-5p	93	103	187	185	130	125	115	116	166	154	215	224
mmu-mir-297a-3-3p	223	187	116	105	151	153	80	103	123	118	183	206
mmu-mir-297b-5p	145	143	107	103	84	87	93	95	70	97	210	213
mmu-mir-297a-3-5p	179	142	92	90	110	112	75	79	104	104	213	204
mmu-mir-669f-5p	158	169	79	69	86	111	108	99	88	111	192	206
mmu-mir-21a-3p	104	107	8	11	52	27	89	91	102	101	205	185
mmu-mir-9-3-3p	61	70	77	83	111	126	191	204	89	95	149	171
mmu-mir-128-1-3p	153	145	131	129	182	164	183	202	108	146	167	151
mmu-mir-196a-1-5p	100	121	141	166	87	86	83	95	131	136	184	201
mmu-mir-582-3p	66	62	172	196	119	108	85	61	52	61	86	92
mmu-mir-196b-5p	11	18	11	5	8	9	84	77	154	180	195	190
mmu-mir-466p-5p	131	155	123	140	118	131	106	86	106	128	187	193
mmu-mir-340-3p	138	116	96	112	142	166	163	191	169	192	184	161
mmu-mir-344-1-3p	88	95	123	139	192	189	109	95	90	93	104	116
mmu-mir-139-5p	155	160	190	155	160	159	81	80	46	48	64	72
mmu-mir-487b-3p	103	103	112	113	100	139	128	113	121	107	174	190
mmu-mir-673-3p	131	128	132	123	109	114	185	183	99	105	160	158
mmu-mir-30c-2-3p	167	167	83	68	90	81	184	176	73	81	104	118
mmu-mir-3470b-5p	81	71	122	87	85	84	80	98	118	132	166	184
mmu-mir-15b-3p	153	138	68	79	87	84	155	151	128	130	183	177
mmu-mir-3473e-5p	72	103	128	148	141	143	145	158	178	169	172	173
mmu-mir-182-3p	143	136	86	95	118	120	164	175	68	70	143	155
mmu-mir-18a-3p	135	137	79	78	106	115	153	151	115	140	132	172
mmu-mir-493-3p	99	73	60	79	68	64	147	138	90	108	128	163
mmu-mir-181c-5p	33	59	37	43	106	97	85	84	93	89	136	161
mmu-mir-130b-3p	96	112	107	123	124	119	133	124	110	117	160	149
mmu-mir-669f-3p	150	157	76	70	110	88	44	51	89	64	124	154
mmu-mir-677-5p	93	97	70	60	55	45	142	156	62	60	103	95
mmu-mir-92a-1-5p	137	121	107	103	118	142	143	154	82	102	124	147
mmu-mir-690-3p	55	48	73	90	76	72	68	68	104	116	125	152
mmu-mir-598-3p	53	54	57	66	65	46	93	103	74	74	151	115
mmu-let-7a-2-5p	66	51	81	70	82	86	75	72	88	97	151	148
mmu-mir-1197-3p	119	113	98	91	74	65	125	114	75	58	139	150
mmu-mir-324-3p	82	67	89	70	112	97	88	91	128	111	147	149
mmu-mir-125b-1-3p	101	105	16	15	25	24	83	86	78	67	147	123
mmu-mir-7079-3p	61	53	84	75	68	57	145	145	90	84	107	121
mmu-mir-27b-5p	145	144	58	47	58	58	109	126	57	69	97	107
mmu-mir-221-5p	94	108	43	33	54	51	145	120	47	52	74	76
mmu-mir-339-5p	104	106	128	127	113	110	87	87	113	96	130	144
mmu-mir-150-5p	73	67	91	99	136	143	31	35	22	19	37	45
mmu-mir-467d-5p	143	113	45	52	63	64	52	53	69	52	99	118
mmu-mir-294-5p	123	135	79	72	86	84	103	100	98	88	143	143
mmu-mir-30b-3p	130	108	71	63	76	73	133	143	85	81	101	102
mmu-mir-374b-3p	142	116	87	79	93	86	81	83	68	70	93	102
mmu-mir-6239-3p	31	19	80	64	108	98	28	32	101	100	137	142
mmu-mir-532-3p	71	62	28	24	24	24	48	54	87	69	135	141
mmu-mir-188-5p	71	68	24	38	26	18	62	71	92	65	120	141
mmu-mir-412-5p	124	114	89	78	67	81	114	92	60	67	124	141
mmu-mir-195a-3p	117	82	110	120	135	134	128	140	38	65	89	85
mmu-mir-302b-5p	119	133	11	14	34	42	136	140	79	63	56	72
mmu-mir-141-3p	138	140	94	90	106	108	120	108	97	79	140	138
mmu-mir-5100-3p	20	14	129	121	131	134	15	34	109	95	84	87
mmu-mir-194-2-5p	58	52	44	67	60	64	48	57	78	73	116	134
mmu-mir-100-5p	52	36	50	37	44	55	67	42	115	134	115	115
mmu-mir-301a-3p	65	54	47	49	59	44	72	78	81	85	123	133
mmu-mir-32-3p	120	128	57	55	64	58	125	131	77	97	103	111
mmu-mir-145a-5p	35	28	33	29	41	22	23	38	84	88	118	125
mmu-mir-125a-3p	58	64	16	22	45	38	88	89	59	65	123	124
mmu-mir-6540-5p	54	64	24	22	28	25	54	52	75	91	103	123
mmu-mir-151-5p	58	72	80	64	95	70	75	90	91	97	123	113
mmu-mir-362-3p	69	63	37	27	37	34	43	46	64	64	121	122
mmu-mir-331-3p	59	70	30	31	37	54	72	70	81	63	121	117
mmu-mir-195a-5p	65	50	105	99	115	112	81	81	58	66	93	117
mmu-mir-132-3p	97	62	12	12	21	31	73	89	104	76	114	116
mmu-mir-488-3p	79	100	102	116	60	58	90	104	47	36	82	69
mmu-mir-466n-5p	54	49	65	60	61	51	32	38	33	35	99	111
mmu-mir-181a-2-3p	22	31	8	5	21	29	92	73	76	77	109	95
mmu-mir-301b-3p	46	45	84	98	79	88	68	74	59	71	107	100
mmu-mir-455-3p	64	91	20	16	51	55	80	81	72	79	102	106
mmu-mir-667-3p	55	75	55	65	85	83	63	49	54	68	106	103
mmu-mir-3470b-3p	42	33	100	94	105	91	21	18	31	23	29	27
mmu-mir-1843b-5p	43	37	62	48	51	42	56	63	56	77	86	104
mmu-mir-148b-5p	84	72	59	70	53	55	87	70	73	73	104	88
mmu-mir-3102-3p	44	48	16	27	26	29	39	33	59	75	89	104
mmu-mir-669h-5p	94	102	38	38	63	56	55	47	42	45	57	53
mmu-mir-212-5p	88	66	12	7	23	38	68	82	88	91	100	82
mmu-mir-154-5p	41	43	35	32	56	50	37	45	50	43	100	100
mmu-mir-130a-5p	57	47	26	24	25	33	100	78	26	29	52	32
mmu-mir-92b-5p	86	88	51	41	64	55	99	93	37	46	61	76
mmu-mir-700-3p	71	79	85	73	85	98	59	74	53	69	93	90
mmu-mir-676-3p	69	79	62	79	68	62	72	69	70	62	96	94
mmu-mir-1843a-5p	70	51	60	60	53	59	81	82	63	58	73	96
mmu-mir-196a-1-3p	62	63	61	52	33	31	55	56	46	37	84	96
mmu-mir-872-3p	56	55	45	43	80	58	58	71	64	73	95	96
mmu-mir-375-3p	21	30	23	22	21	22	40	32	72	53	94	91
mmu-mir-92a-2-5p	86	90	82	77	77	94	88	82	25	37	18	32
mmu-mir-301b-5p	49	47	78	61	47	51	93	92	43	52	62	63
mmu-mir-376b-5p	53	43	36	39	79	73	77	82	61	62	72	90
mmu-mir-331-5p	62	54	35	30	43	43	57	84	80	82	90	83
mmu-mir-496a-3p	59	55	39	47	47	61	51	65	51	52	78	89
mmu-mir-200b-5p	89	89	27	23	35	22	53	66	33	38	72	77
mmu-mir-3081-3p	44	40	57	58	37	45	49	62	57	61	89	89
mmu-mir-3068-5p	35	40	43	49	46	38	56	61	49	41	88	73
mmu-mir-330-3p	59	46	32	33	53	57	59	63	37	56	87	61
mmu-mir-22-5p	40	54	11	9	14	20	31	39	45	49	86	74
mmu-mir-1193-5p	72	70	55	62	56	42	72	77	33	45	85	63
mmu-mir-34b-3p	63	84	55	48	50	50	52	57	41	58	56	58
mmu-mir-299a-5p	50	46	40	32	44	36	41	32	50	45	79	84
mmu-mir-126a-5p	35	41	83	75	65	68	64	72	48	63	62	78
mmu-mir-6944-3p	16	14	14	15	7	15	20	32	45	50	82	80
mmu-mir-18b-3p	64	70	48	46	68	71	69	82	49	34	64	57
mmu-mir-503-3p	28	28	13	15	14	15	37	52	71	68	82	68
mmu-mir-29b-1-3p	20	11	80	69	69	53	21	23	27	32	40	38
mmu-mir-290a-3p	79	75	25	16	37	35	68	53	34	36	35	49
mmu-mir-350-3p	45	36	31	24	39	32	38	37	51	47	79	55
mmu-mir-709-3p	14	20	44	39	50	53	11	22	64	63	58	78
mmu-mir-410-5p	54	51	40	47	36	38	62	77	44	39	75	67
mmu-mir-345-5p	27	23	16	20	25	27	31	46	54	37	77	74
mmu-mir-668-3p	44	44	28	23	30	37	50	39	42	35	75	72
mmu-mir-499-5p	48	42	73	71	75	70	32	26	24	23	19	20
mmu-mir-377-3p	41	41	37	37	51	49	46	50	34	28	75	70
mmu-mir-183-3p	45	38	45	50	74	60	38	42	32	31	57	72
mmu-mir-199a-1-5p	21	26	50	51	70	73	41	38	31	31	44	35
mmu-mir-376a-5p	35	44	31	33	45	37	51	44	37	39	66	73
mmu-mir-3066-5p	45	47	26	48	46	39	61	67	40	48	73	60
mmu-mir-1199-5p	15	24	6	10	12	15	29	22	36	32	72	71
mmu-mir-465b-1-5p	39	33	33	44	70	56	44	51	37	34	52	56
mmu-mir-16-2-3p	45	42	31	28	35	37	40	32	40	41	69	61
mmu-mir-187-3p	60	53	69	58	51	56	17	24	39	42	33	54
mmu-mir-877-3p	26	39	34	29	51	53	37	45	45	35	68	69
mmu-mir-3068-3p	32	39	47	56	31	40	38	32	32	45	56	65
mmu-mir-877-5p	35	44	50	43	33	37	54	50	33	33	59	65
mmu-mir-30d-3p	60	55	16	27	22	19	65	60	28	23	50	48
mmu-mir-615-3p	10	3	3	2	2	3	14	15	38	30	61	64
mmu-mir-704-3p	52	37	34	37	34	62	57	61	38	40	53	54
mmu-mir-376a-3p	32	47	30	30	22	37	42	58	38	42	57	62
mmu-mir-671-5p	25	25	11	18	23	23	35	40	43	27	52	62
mmu-mir-124-3-3p	39	40	48	48	53	61	19	23	27	30	34	44
mmu-mir-30c-1-3p	47	50	18	19	24	24	61	60	23	21	23	23
mmu-mir-3967-3p	16	15	2	2	8	6	11	20	17	17	42	61
mmu-mir-1306-3p	32	22	28	28	55	29	60	55	39	47	39	52
mmu-mir-181a-1-3p	35	31	6	6	12	10	15	11	22	32	48	59
mmu-mir-3072-3p	19	24	17	23	30	42	26	24	38	31	39	59
mmu-mir-342-5p	33	50	20	19	29	25	45	48	34	45	52	59
mmu-mir-7a-1-3p	44	35	28	28	32	41	46	47	34	35	43	59
mmu-mir-6239-5p	6	7	26	15	57	50	3	4	46	48	54	54
mmu-mir-712-5p	14	11	21	25	18	19	11	12	44	32	57	50
mmu-mir-1947-5p	52	36	51	41	51	40	57	49	44	36	53	54
mmu-mir-133a-1-3p	15	17	8	12	6	12	18	20	19	27	50	57
mmu-mir-199b-5p	16	22	19	24	16	19	17	24	27	34	50	57
mmu-mir-486b-5p	27	21	6	5	16	6	30	17	41	39	55	42
mmu-mir-184-3p	27	19	48	40	41	54	23	21	18	17	21	32
mmu-mir-1964-3p	33	31	20	18	34	36	52	54	24	39	41	42
mmu-mir-700-5p	37	41	40	31	51	51	35	35	21	26	44	53
mmu-mir-5098-3p	15	20	23	18	31	21	12	21	29	28	39	53
mmu-mir-326-3p	17	12	10	18	15	14	24	19	34	18	48	52
mmu-mir-31-3p	20	18	9	16	10	10	21	17	19	27	44	52
mmu-mir-93-3p	36	36	23	25	27	33	36	32	38	52	49	50
mmu-mir-339-3p	33	45	27	36	40	32	36	39	23	21	51	48
mmu-mir-466m-3p	50	38	22	21	30	22	5	10	19	14	19	28
mmu-mir-15a-5p	20	22	31	32	18	23	30	36	28	26	44	50
mmu-mir-470-5p	16	18	31	31	50	37	15	26	34	30	39	44
mmu-mir-132-5p	32	34	3	11	6	9	47	50	49	43	46	44
mmu-mir-145a-3p	14	14	9	13	17	8	17	14	49	48	42	36
mmu-mir-425-3p	26	33	26	35	27	37	20	20	27	16	43	47
mmu-mir-466n-3p	40	46	12	18	17	19	23	22	23	24	33	26
mmu-mir-465c-1-5p	18	13	30	38	46	42	25	23	27	22	40	38
mmu-mir-222-5p	27	30	22	19	30	28	46	39	17	20	33	28
mmu-mir-297a-2-3p	37	46	13	20	14	19	18	16	24	11	39	26
mmu-mir-676-5p	35	23	27	30	27	34	30	46	28	33	36	30
mmu-mir-671-3p	16	14	9	8	13	14	19	24	22	25	36	44
mmu-mir-26a-2-3p	37	33	24	38	32	28	42	44	25	27	36	36
mmu-mir-190a-5p	13	14	10	11	13	12	23	24	30	12	44	41
mmu-mir-152-5p	19	17	29	36	34	30	21	30	16	17	35	43
mmu-mir-337-3p	5	14	10	11	15	22	20	21	20	17	26	42
mmu-mir-539-5p	20	17	27	25	29	38	20	25	32	35	40	42
mmu-mir-141-5p	42	33	30	24	26	20	29	41	13	10	30	26
mmu-mir-1968-5p	23	27	27	25	31	23	41	40	23	24	30	39
mmu-mir-124-3-5p	33	35	41	36	38	34	25	23	15	15	23	22
mmu-mir-452-3p	16	14	8	5	3	7	16	15	32	26	41	39
mmu-mir-7070-3p	12	15	9	8	7	8	12	11	14	14	20	40
mmu-mir-24-1-5p	23	30	14	16	18	16	30	30	23	20	40	19
mmu-mir-300-5p	10	21	19	19	15	20	37	33	28	12	39	31
mmu-mir-5128-3p	22	12	23	18	21	19	28	21	39	37	31	25
mmu-mir-6399-3p	28	24	10	6	13	8	39	37	26	32	26	36
mmu-mir-129-2-3p	14	23	17	13	24	13	25	25	30	22	21	39
mmu-mir-497b-5p	19	13	20	30	16	17	33	39	20	24	17	25
mmu-mir-871-3p	16	25	24	33	39	36	23	19	26	32	27	25
mmu-mir-679-3p	30	32	11	27	16	17	33	29	27	28	39	39
mmu-mir-450b-3p	39	26	12	13	31	15	39	33	22	32	32	35
mmu-mir-1968-3p	18	23	25	23	30	21	37	37	21	21	30	36
mmu-mir-96-3p	28	30	18	7	27	31	36	20	24	19	33	37
mmu-mir-219a-2-3p	21	23	16	28	36	30	14	19	20	24	24	27
mmu-mir-3968-3p	7	8	13	16	22	26	16	20	18	26	20	36
mmu-mir-7226-3p	10	4	3	10	14	16	13	19	12	13	36	14
mmu-mir-21c-5p	14	13	2	4	11	11	13	10	21	21	36	32
mmu-mir-574-3p	15	14	7	4	9	3	14	8	11	16	27	35
mmu-mir-7a-2-5p	18	10	23	18	21	20	35	19	13	12	21	20
mmu-mir-1954-3p	11	6	3	9	10	11	5	14	26	24	26	35
mmu-mir-20a-3p	19	15	28	22	27	27	21	23	24	14	34	23
mmu-mir-466e-5p	23	28	30	15	12	16	11	19	21	17	25	34
mmu-mir-1981-3p	20	21	9	14	16	15	13	17	17	12	34	13
mmu-let-7d-5p	33	19	17	16	21	19	16	12	22	9	27	20
mmu-mir-741-3p	15	18	32	25	22	33	18	13	23	25	24	22
mmu-mir-291b-3p	27	32	24	18	7	18	16	23	13	17	24	22
mmu-mir-135a-1-5p	16	16	11	9	17	11	32	31	26	32	23	18
mmu-mir-21b-5p	15	11	4	1	9	7	15	12	22	13	32	20
mmu-mir-328-5p	5	3	5	7	9	8	15	16	17	21	32	23
mmu-mir-378a-5p	15	11	7	15	12	15	20	21	22	22	25	32
mmu-mir-412-3p	28	26	10	15	15	15	21	18	18	23	28	31
mmu-mir-1258-3p	14	26	14	17	10	10	31	15	18	7	26	27
mmu-mir-33-5p	12	10	9	18	15	15	7	21	16	20	31	23
mmu-mir-466f-3-3p	31	28	8	3	14	10	2	3	10	20	13	13
mmu-mir-541-3p	21	19	15	17	31	19	30	24	27	23	31	31
mmu-mir-3470a-5p	20	22	15	24	21	16	20	31	19	11	22	29
mmu-mir-212-3p	15	20	5	2	10	2	14	15	22	25	31	24
mmu-mir-98-5p	9	14	19	17	16	19	11	15	11	14	31	12
mmu-mir-669n-5p	12	1	15	16	18	19	6	0	19	24	19	30
mmu-mir-702-3p	17	20	15	10	21	17	20	16	18	14	30	30
mmu-mir-483-3p	4	4	0	0	1	1	6	7	10	11	20	30
mmu-mir-3074-2-5p	14	18	11	10	11	10	18	15	19	24	24	30
mmu-mir-377-5p	11	20	19	17	15	16	17	12	19	14	20	30
mmu-mir-449a-5p	15	20	24	18	22	22	12	14	12	21	18	29
mmu-mir-467h-3p	22	10	5	12	15	10	14	8	5	6	28	17
mmu-mir-760-3p	10	12	28	14	10	11	15	4	6	5	5	14
mmu-mir-466j-3p	27	10	8	11	6	10	8	6	3	12	17	17
mmu-mir-193b-3p	10	11	7	7	11	4	8	10	8	12	20	26
mmu-mir-365-1-3p	9	13	2	8	6	4	8	11	12	14	25	26
mmu-mir-219a-1-3p	6	10	22	26	13	23	15	24	18	11	18	22
mmu-mir-540-5p	6	8	5	6	15	12	9	7	15	10	26	17
mmu-mir-3057-5p	14	20	10	20	12	14	11	17	16	8	18	26
mmu-mir-135a-1-3p	9	9	5	10	13	19	25	23	4	4	12	10
mmu-mir-466f-2-3p	24	25	2	4	6	6	1	2	10	11	14	12
mmu-mir-10b-3p	5	4	0	0	0	1	6	3	24	16	25	22
mmu-mir-669e-3p	14	25	15	11	15	12	10	13	16	8	22	16
mmu-mir-500-3p	10	8	5	4	2	6	3	7	13	11	25	22
mmu-mir-8114-5p	16	8	10	10	4	7	15	25	4	4	11	2
mmu-mir-744-3p	23	18	7	10	13	12	16	7	17	25	20	23
mmu-mir-3535-3p	10	13	13	10	8	11	13	18	9	8	24	14
mmu-mir-138-1-5p	3	4	9	8	6	16	15	15	15	10	24	20
mmu-mir-19b-1-5p	18	20	5	10	16	12	22	19	14	13	24	21
mmu-mir-33-3p	9	8	1	10	8	6	10	9	10	8	24	19
mmu-mir-143-5p	1	5	6	8	3	2	7	6	16	18	17	24
mmu-mir-147-3p	13	16	12	11	9	8	10	18	11	13	24	13
mmu-mir-3099-3p	7	1	1	0	1	2	19	8	13	24	23	17
mmu-mir-185-3p	14	10	11	11	9	7	7	23	5	12	18	9
mmu-mir-3966-5p	10	9	13	8	16	23	17	13	5	4	19	9
mmu-mir-3473d-3p	5	6	12	11	11	7	10	13	23	14	13	10
mmu-mir-378c-5p	8	7	16	16	10	8	17	23	6	6	14	15
mmu-mir-23b-5p	13	18	2	5	8	10	10	9	21	16	19	23
mmu-mir-34c-3p	16	18	11	12	22	10	16	17	9	14	18	20
mmu-mir-483-5p	5	7	0	1	3	0	3	6	14	10	20	22
mmu-mir-324-5p	4	6	13	10	16	9	9	11	13	9	22	9
mmu-mir-696-3p	15	12	10	22	16	6	9	7	6	7	7	9
mmu-mir-5123-3p	3	0	9	2	3	4	6	9	11	11	22	19
mmu-mir-7033-5p	9	15	7	7	11	6	12	8	11	7	22	22
mmu-mir-128-1-5p	8	21	11	17	14	11	18	22	4	7	8	9
mmu-mir-615-5p	21	14	3	1	6	4	8	5	10	7	10	14
mmu-mir-714-5p	7	6	10	6	19	11	4	4	12	13	19	21
mmu-mir-670-5p	4	4	11	21	6	7	4	8	3	6	3	4
mmu-mir-7068-3p	9	12	20	4	12	8	14	15	14	10	12	21
mmu-mir-466g-5p	21	15	2	2	7	4	10	10	3	7	13	18
mmu-mir-669b-3p	11	13	12	9	15	13	5	8	17	20	20	10
mmu-mir-365-1-5p	10	15	3	3	8	4	13	20	13	12	16	15
mmu-mir-1306-5p	19	12	9	9	17	13	18	14	13	20	20	14
mmu-mir-350-5p	14	11	4	6	11	16	20	14	12	12	14	9
mmu-mir-1839-3p	9	7	4	9	5	8	13	13	9	11	20	16
mmu-mir-16-1-5p	3	7	6	4	4	7	10	12	11	6	14	20
mmu-mir-7224-3p	11	6	16	7	13	20	8	8	7	7	3	7
mmu-mir-1194-3p	12	11	12	13	10	14	11	11	13	17	20	19
mmu-mir-466l-5p	10	9	10	1	7	6	5	5	0	8	19	11
mmu-mir-466k-5p	4	4	12	5	5	12	7	3	5	6	8	19
mmu-mir-1946a-5p	8	18	6	14	12	12	10	10	11	19	16	16
mmu-mir-501-5p	4	7	0	1	0	1	6	4	5	3	15	19
mmu-mir-1199-3p	4	9	4	1	3	4	1	7	8	9	12	19
mmu-mir-670-3p	3	6	14	19	5	19	2	8	4	5	3	3
mmu-mir-298-3p	13	4	8	7	9	5	9	14	13	5	18	19
mmu-mir-210-5p	12	7	19	10	14	13	11	8	5	3	7	5
mmu-mir-433-5p	9	4	7	14	8	10	7	7	3	6	17	18
mmu-mir-3102-5p	10	11	6	1	6	9	10	9	9	10	14	18
mmu-mir-494-5p	16	9	8	4	5	4	14	8	9	7	12	18
mmu-mir-34a-3p	11	13	11	5	4	3	7	9	11	9	12	18
mmu-mir-465b-1-3p	9	3	10	10	10	15	4	7	10	10	18	13
mmu-mir-1188-5p	10	18	2	8	9	15	7	6	11	8	7	8
mmu-mir-770-5p	8	14	5	15	10	13	9	4	11	6	14	18
mmu-mir-20b-3p	6	7	12	10	14	17	18	9	12	13	15	14
mmu-mir-1949-3p	16	12	8	7	11	18	7	9	10	11	14	12
mmu-mir-467c-3p	15	16	8	2	8	10	5	4	13	12	9	17
mmu-mir-6412-3p	4	17	11	8	11	12	9	12	17	13	16	17
mmu-mir-712-3p	7	17	8	6	7	8	9	14	8	7	10	14
mmu-mir-134-3p	6	10	9	12	8	7	11	13	8	10	17	11
mmu-mir-1933-3p	3	4	2	5	5	5	17	8	2	3	17	16
mmu-mir-3965-3p	5	9	0	0	1	4	4	2	10	17	13	13
mmu-mir-365-2-5p	10	6	2	3	7	2	14	17	6	5	8	15
mmu-mir-6952-3p	7	4	6	1	16	7	3	6	6	5	6	17
mmu-mir-34b-5p	4	4	5	7	3	5	7	3	6	7	16	17
mmu-mir-7075-3p	6	4	5	5	7	5	12	11	8	9	15	16
mmu-mir-29c-5p	16	8	12	9	1	7	10	9	9	7	14	13
mmu-let-7c-2-3p	11	9	11	5	10	12	6	10	8	7	15	16
mmu-mir-880-3p	2	3	11	9	9	16	5	4	5	11	10	12
mmu-mir-878-5p	4	8	8	9	12	12	4	5	7	11	14	16
mmu-mir-26b-3p	7	6	1	3	9	4	9	3	12	11	16	13
mmu-mir-181b-2-5p	7	1	0	0	0	5	0	3	11	16	12	12
mmu-mir-325-5p	2	6	4	4	7	5	11	16	12	6	5	8
mmu-mir-3060-3p	8	1	3	4	3	3	8	6	6	7	12	16
mmu-mir-3082-3p	4	2	9	6	8	9	15	6	9	8	11	10
mmu-mir-196a-2-5p	5	7	11	12	8	2	6	7	7	7	15	10
mmu-mir-669a-3-3p	8	8	6	8	11	11	0	6	15	12	14	13
mmu-mir-344b-3p	9	15	11	10	7	12	14	7	5	4	14	13
mmu-mir-696-5p	3	15	3	4	5	5	9	13	3	0	3	3
mmu-mir-669m-2-3p	10	11	3	2	4	5	4	1	6	15	14	9
mmu-mir-323-5p	9	7	6	4	13	5	10	5	7	11	15	7
mmu-mir-122-5p	10	14	6	8	5	11	12	13	2	8	11	8
mmu-mir-190b-5p	8	7	6	9	7	9	2	10	4	6	14	6
mmu-mir-103-1-3p	7	4	2	3	1	3	6	8	7	5	7	14
mmu-mir-3062-5p	4	5	5	3	3	4	10	4	8	5	14	12
mmu-mir-714-3p	6	6	4	3	4	7	9	10	14	11	7	10
mmu-mir-8114-3p	6	3	6	2	6	13	2	5	9	8	14	11
mmu-mir-466b-3-3p	14	8	3	6	5	2	4	2	10	5	7	9
mmu-mir-1954-5p	6	3	0	3	3	2	4	5	7	4	6	13
mmu-mir-3086-5p	2	2	8	3	10	5	13	7	5	5	5	8
mmu-mir-1934-5p	4	12	4	8	11	3	5	2	4	4	13	6
mmu-mir-672-3p	13	7	7	7	8	8	5	9	6	8	6	2
mmu-mir-3473d-5p	4	6	3	3	3	4	9	4	0	5	13	12
mmu-mir-8111-5p	5	9	12	12	13	4	7	5	9	6	12	8
mmu-mir-767-3p	6	7	8	4	4	10	5	8	8	3	12	13
mmu-mir-378b-3p	6	6	8	4	9	9	9	13	7	4	10	12
mmu-mir-155-3p	3	2	2	3	4	4	13	3	9	6	8	4
mmu-mir-6979-3p	11	9	10	11	8	11	8	13	5	7	10	9
mmu-mir-218-2-3p	2	5	1	2	1	4	8	13	7	7	5	8
mmu-mir-1946a-3p	2	5	8	7	4	8	3	5	13	7	13	8
mmu-mir-101c-3p	8	4	7	8	9	13	4	3	3	4	9	5
mmu-mir-1946b-3p	3	5	4	5	13	11	6	7	11	13	8	12
mmu-mir-5123-5p	2	0	4	1	3	2	3	5	5	7	13	10
mmu-mir-582-5p	5	2	11	12	7	11	1	1	4	3	8	6
mmu-mir-7073-5p	6	3	2	3	5	3	4	3	2	2	12	6
mmu-mir-191-3p	4	9	5	9	8	9	9	11	7	12	7	8
mmu-mir-466l-3p	6	6	7	8	6	0	5	1	5	6	12	10
mmu-mir-1983-5p	5	4	4	3	3	4	6	8	7	7	12	7
mmu-mir-448-3p	10	6	8	7	5	1	9	10	4	5	12	12
mmu-mir-3474-5p	5	6	4	1	2	6	12	9	2	6	6	3
mmu-mir-466f-1-3p	7	12	0	5	4	1	2	2	2	1	10	4
mmu-mir-346-5p	7	6	7	4	12	8	3	6	5	9	9	8
mmu-mir-344d-1-3p	4	2	0	4	0	4	5	12	0	4	4	1
mmu-mir-296-5p	9	3	1	5	10	7	4	2	8	7	7	11
mmu-mir-19b-2-5p	11	8	6	4	7	4	9	9	3	2	3	3
mmu-mir-505-3p	5	6	2	3	5	6	7	4	7	4	11	11
mmu-mir-1929-5p	6	8	3	6	4	6	6	7	9	7	11	7
mmu-mir-153-3p	4	6	4	6	5	6	8	5	7	6	11	3
mmu-mir-6945-3p	4	8	0	2	2	3	3	5	2	8	11	8
mmu-mir-1936-3p	7	6	4	6	5	3	11	8	6	7	5	4
mmu-mir-217-5p	3	4	4	3	10	11	3	3	4	1	5	4
mmu-mir-204-5p	4	4	5	2	11	8	4	5	4	1	2	4
mmu-mir-669i-5p	10	10	6	5	7	6	4	3	6	7	7	11
mmu-mir-6932-3p	4	4	2	1	3	2	10	11	3	2	8	8
mmu-mir-465a-5p	3	3	5	6	11	6	0	1	2	6	8	11
mmu-mir-1945-3p	11	8	10	7	6	8	7	6	9	10	8	5
mmu-mir-1943-5p	4	9	5	5	1	2	1	2	6	5	10	9
mmu-mir-7650-5p	10	5	5	3	6	7	0	4	4	3	4	5
mmu-mir-346-3p	2	0	7	10	7	7	4	2	3	0	5	4
mmu-mir-144-5p	0	2	3	0	10	3	3	2	0	2	1	3
mmu-mir-7091-3p	3	7	5	3	2	4	10	7	3	4	8	6
mmu-mir-205-3p	5	6	3	9	2	0	7	6	3	4	10	8
mmu-mir-6988-3p	8	7	4	5	4	10	2	5	4	2	7	9
mmu-mir-664-5p	4	3	2	7	6	4	6	5	2	2	10	8
mmu-mir-3063-3p	7	4	7	1	5	4	4	4	5	5	8	10
mmu-mir-3471-2-3p	2	3	4	4	2	1	3	3	1	4	4	10
mmu-mir-450a-1-3p	4	1	4	3	7	8	8	10	2	5	7	5
mmu-mir-1291-5p	3	5	5	1	8	1	8	3	1	2	10	0
mmu-mir-15a-3p	3	4	7	4	5	3	6	7	8	2	10	7
mmu-mir-6967-2-3p	10	4	8	3	9	7	2	2	5	7	9	8
mmu-mir-6965-3p	5	7	8	6	10	5	8	10	3	2	8	4
mmu-mir-935-3p	2	1	8	5	9	9	1	3	5	4	9	8
mmu-mir-449c-5p	3	2	4	3	6	4	4	9	1	2	4	5
mmu-mir-743a-3p	2	2	3	7	2	4	5	1	4	2	9	2
mmu-mir-1247-3p	4	7	2	0	3	5	6	6	3	8	9	5
mmu-mir-8115-3p	0	2	9	4	2	1	1	2	0	3	4	1
mmu-mir-7689-3p	1	1	2	1	0	3	1	1	9	2	4	2
mmu-mir-101b-5p	6	7	4	3	6	3	7	4	9	4	4	9
mmu-mir-3079-5p	1	1	1	0	1	0	8	5	4	6	9	4
mmu-mir-28c-3p	3	3	0	0	1	1	4	5	1	6	9	4
mmu-mir-702-5p	3	2	5	2	3	1	6	5	2	1	9	6
mmu-mir-6900-3p	0	1	1	2	2	1	3	1	2	2	1	9
mmu-mir-1843b-3p	1	4	4	4	2	9	4	6	4	7	5	9
mmu-mir-7083-5p	6	4	9	6	5	5	2	5	2	3	3	3
mmu-mir-133a-1-5p	3	3	2	3	5	3	3	4	2	0	9	1
mmu-mir-216b-5p	3	1	4	3	9	6	3	1	3	3	2	1
mmu-mir-467e-3p	4	2	2	1	5	2	5	3	3	2	4	9
mmu-mir-490-3p	6	9	0	2	3	0	1	2	3	5	4	3
mmu-mir-6481-3p	0	0	0	2	9	8	0	0	0	1	4	7
mmu-mir-883a-3p	5	7	3	8	9	7	0	3	9	7	6	6
mmu-mir-489-3p	0	0	4	2	6	3	9	5	4	5	7	5
mmu-mir-7021-5p	3	4	1	3	4	1	4	4	1	0	9	3
mmu-mir-1927-3p	4	3	1	4	4	4	3	0	2	2	6	8
mmu-mir-3475-3p	3	7	2	2	3	4	1	8	6	7	8	2
mmu-let-7e-3p	7	6	1	4	3	2	7	6	3	6	7	8
mmu-mir-3097-3p	3	6	1	2	1	0	1	1	8	2	5	7
mmu-mir-181b-1-3p	1	3	1	2	0	0	3	1	4	1	8	8
mmu-mir-3085-3p	0	0	3	0	0	1	8	3	1	1	5	6
mmu-mir-351-3p	2	0	2	0	1	3	8	3	6	1	8	4
mmu-mir-669g-5p	8	7	4	5	8	6	4	4	3	1	3	7
mmu-mir-297c-5p	7	6	1	5	4	3	0	1	4	3	8	7
mmu-mir-6911-3p	8	4	8	7	5	4	4	7	6	6	5	4
mmu-mir-3105-3p	3	2	1	1	2	8	4	0	1	0	2	0
mmu-mir-7089-3p	3	2	8	4	2	1	2	6	1	3	2	2
mmu-let-7b-5p	6	2	4	0	4	8	4	0	1	0	2	5
mmu-mir-7578-3p	6	8	1	0	2	0	0	2	3	8	5	5
mmu-mir-3473b-5p	4	3	2	4	5	3	2	0	5	7	8	7
mmu-mir-7667-3p	1	1	3	3	0	4	4	1	4	8	4	4
mmu-mir-125b-2-3p	0	2	1	0	1	1	2	2	2	5	4	8
mmu-mir-3060-5p	0	0	1	3	1	1	1	0	3	5	5	8
mmu-mir-1264-3p	6	3	2	3	6	4	4	8	0	3	2	2
mmu-mir-3064-5p	8	5	4	1	3	2	7	7	1	3	6	1
mmu-mir-367-5p	1	1	4	2	4	8	6	2	5	3	4	2
mmu-mir-7669-3p	0	0	2	4	0	0	0	2	4	8	7	3
mmu-mir-5113-5p	2	5	3	2	5	2	0	1	4	8	4	5
mmu-mir-743b-3p	3	3	8	4	8	8	2	5	2	5	8	8
mmu-mir-669l-3p	8	3	3	0	2	3	2	4	3	4	2	5
mmu-let-7d-3p	5	4	2	2	6	3	3	4	6	4	5	8
mmu-mir-326-5p	0	3	1	2	4	2	1	2	5	1	8	2
mmu-mir-500-5p	4	1	2	1	1	0	1	1	2	1	6	7
mmu-mir-1955-5p	1	6	4	7	2	4	3	0	1	1	0	3
mmu-mir-6237-3p	0	0	0	2	0	1	7	4	0	1	2	2
mmu-mir-652-5p	7	4	3	5	7	7	6	6	5	6	7	6
mmu-mir-703-5p	3	2	0	2	3	0	6	7	0	1	2	4
mmu-mir-219a-1-5p	3	5	5	4	4	7	3	3	2	6	4	7
mmu-mir-3470a-3p	3	1	4	3	7	6	1	0	2	3	4	3
mmu-mir-466a-5p	3	0	3	1	2	2	7	7	5	4	5	6
mmu-mir-3072-5p	4	6	1	4	4	3	5	5	3	2	7	3
mmu-mir-6992-5p	1	7	0	2	0	3	3	5	3	3	5	7
mmu-mir-871-5p	1	0	2	4	2	1	7	0	5	2	3	3
mmu-mir-106a-3p	2	4	5	4	4	4	7	5	2	3	0	2
mmu-mir-6975-3p	4	1	1	6	7	2	1	4	5	3	4	1
mmu-mir-653-3p	4	1	0	3	5	5	3	6	5	3	7	5
mmu-mir-181d-3p	1	1	2	2	1	1	4	7	3	4	5	6
mmu-mir-10a-3p	0	1	0	0	3	4	1	2	4	7	5	4
mmu-mir-215-5p	2	2	3	6	0	1	3	1	0	0	4	2
mmu-mir-6966-3p	3	2	3	0	2	6	3	3	1	1	3	2
mmu-mir-194-2-3p	3	2	0	2	0	0	6	6	2	1	1	2
mmu-mir-181b-2-3p	0	1	0	0	0	0	6	1	5	1	3	4
mmu-mir-7015-3p	3	3	1	3	0	2	2	3	3	6	1	4
mmu-mir-471-5p	2	0	1	1	2	3	1	1	6	2	0	3
mmu-mir-224-3p	2	4	0	1	0	1	6	2	3	4	6	5
mmu-mir-6538-5p	0	3	1	0	2	3	0	1	2	2	6	4
mmu-mir-338-5p	3	2	1	6	0	1	4	6	2	5	5	2
mmu-mir-9769-3p	4	4	0	3	1	2	1	2	1	2	6	2
mmu-mir-7093-3p	3	2	3	2	5	2	6	5	6	2	1	6
mmu-mir-669h-3p	3	2	2	6	6	5	2	3	2	3	3	4
mmu-mir-325-3p	0	3	1	0	2	1	1	1	6	2	2	0
mmu-mir-8118-3p	0	0	2	1	3	1	3	2	3	1	1	6
mmu-mir-1251-5p	0	1	1	0	2	0	0	2	6	1	3	4
mmu-mir-1955-3p	2	1	1	3	2	4	2	4	3	0	0	6
mmu-mir-701-5p	1	2	0	0	0	0	0	2	0	2	2	6
mmu-mir-1957b-5p	2	1	1	1	3	2	1	2	2	0	2	6
mmu-mir-3061-3p	1	1	1	3	2	3	0	2	3	0	6	3
mmu-mir-1187-3p	6	3	2	1	4	6	5	5	3	2	5	3
mmu-mir-3069-3p	1	2	2	3	1	1	4	2	5	4	2	6
mmu-mir-542-5p	4	5	2	2	5	3	2	6	4	0	6	2
mmu-mir-3066-3p	1	1	0	0	4	3	6	2	2	4	4	6
mmu-mir-574-5p	0	1	1	6	4	2	1	1	1	2	5	3
mmu-mir-3084-1-5p	1	3	2	2	1	1	0	4	2	1	6	4
mmu-mir-666-3p	1	2	1	6	4	5	6	3	5	2	6	5
mmu-mir-874-3p	6	2	1	4	0	1	3	6	4	1	1	2
mmu-mir-23a-5p	0	1	0	0	0	1	1	1	2	2	6	3
mmu-mir-6896-5p	1	4	4	1	0	6	4	2	3	4	3	6
mmu-mir-3473a-3p	0	1	0	1	2	3	1	3	1	6	2	3
mmu-mir-7030-3p	3	1	3	1	2	0	2	1	5	3	3	3
mmu-mir-466q-5p	1	2	2	1	0	2	5	3	1	0	2	4
mmu-mir-188-3p	3	4	1	1	2	2	3	5	4	4	2	4
mmu-mir-344f-3p	4	2	3	1	4	3	5	1	1	0	0	1
mmu-mir-7090-3p	0	1	2	0	3	1	5	4	2	0	2	2
mmu-mir-3109-3p	3	0	0	0	5	1	0	1	2	1	4	2
mmu-mir-3473f-5p	1	1	5	4	2	1	2	1	4	2	5	4
mmu-mir-129-1-3p	0	2	3	1	5	2	0	2	0	1	1	2
mmu-mir-693-3p	1	3	1	3	1	4	5	3	3	0	1	4
mmu-mir-6956-3p	1	0	2	1	0	2	0	1	5	0	3	4
mmu-mir-543-5p	1	5	1	1	2	1	3	5	5	4	3	2
mmu-mir-3098-5p	1	1	1	3	2	2	5	0	1	0	4	3
mmu-mir-6901-3p	2	5	1	1	2	1	2	1	0	3	2	1
mmu-mir-486b-3p	0	1	0	0	1	0	1	2	3	3	2	5
mmu-mir-1960-5p	0	3	2	1	2	3	1	3	0	3	5	2
mmu-mir-7029-3p	2	3	1	2	3	2	1	4	0	0	5	5
mmu-mir-8103-3p	3	1	1	2	1	3	3	2	2	2	3	5
mmu-mir-451a-5p	2	1	5	2	5	2	2	3	2	3	4	3
mmu-mir-6899-3p	1	4	2	2	2	2	2	3	1	3	5	5
mmu-mir-6958-3p	2	1	1	0	2	3	5	1	1	4	4	4
mmu-mir-466o-3p	3	4	3	1	1	3	0	0	1	5	5	2
mmu-mir-26a-1-3p	2	3	0	1	1	4	5	2	1	3	3	3
mmu-mir-6413-3p	0	0	0	1	0	2	0	1	3	5	2	2
mmu-mir-1982-3p	4	1	3	5	3	2	4	0	2	1	2	1
mmu-mir-1190-5p	1	2	3	2	5	1	5	2	2	0	0	3
mmu-mir-8112-3p	2	1	2	2	4	2	4	1	1	3	5	3
mmu-mir-669j-3p	0	0	0	1	3	1	0	1	0	0	5	1
mmu-mir-3091-3p	1	2	0	0	0	5	3	1	1	3	1	1
mmu-mir-7a-2-3p	1	2	5	5	5	3	3	2	1	0	2	1
mmu-mir-5615-1-5p	0	4	4	5	3	2	3	4	4	2	3	3
mmu-mir-1946b-5p	2	1	1	2	2	4	0	1	2	2	4	5
mmu-mir-374c-3p	1	2	3	1	3	0	1	1	2	1	5	0
mmu-mir-6546-5p	1	2	2	1	2	2	1	1	5	1	2	5
mmu-mir-7008-3p	2	3	1	0	3	0	1	0	1	2	5	3
mmu-mir-139-3p	4	4	2	2	4	2	2	1	2	2	1	5
mmu-mir-6540-3p	1	1	0	0	0	1	0	0	3	1	5	3
mmu-mir-467g-5p	3	3	1	1	1	1	2	3	5	4	2	0
mmu-mir-1930-5p	4	4	1	1	0	4	3	2	4	1	5	2
mmu-mir-6989-3p	2	0	2	0	1	2	1	1	1	3	3	5
mmu-mir-7652-3p	0	2	4	2	1	0	0	2	0	2	5	2
mmu-mir-677-3p	2	0	2	1	2	0	0	0	2	0	5	4
mmu-mir-3076-3p	2	5	3	2	0	2	2	0	0	4	0	2
mmu-mir-1941-3p	1	0	0	0	1	0	0	1	0	1	5	2
mmu-mir-6902-3p	0	1	0	0	1	1	0	5	0	0	2	0
mmu-mir-3084-1-3p	2	1	2	3	0	4	1	2	1	2	3	1
mmu-mir-193a-5p	0	1	3	0	1	2	4	3	4	0	4	1
mmu-mir-7092-5p	2	3	1	2	0	4	0	0	2	1	0	2
mmu-mir-505-5p	1	0	1	2	2	4	0	2	2	4	2	1
mmu-mir-297a-1-5p	0	0	0	0	0	2	0	1	3	0	4	0
mmu-mir-3094-3p	1	0	1	0	1	1	0	2	2	3	4	3
mmu-mir-6948-3p	1	3	1	0	0	2	1	3	1	2	0	4
mmu-mir-150-3p	4	3	3	2	3	1	0	2	0	0	0	1
mmu-mir-7661-3p	2	0	2	2	1	2	3	1	2	3	4	0
mmu-mir-193b-5p	2	2	0	0	0	0	1	0	4	1	0	1
mmu-mir-6516-3p	0	1	4	0	0	0	0	0	2	0	1	1
mmu-mir-8117-5p	1	0	1	0	4	2	1	2	0	0	4	0
mmu-mir-3082-5p	1	0	1	2	0	0	1	1	0	2	4	4
mmu-mir-3091-5p	0	1	1	0	0	0	0	0	0	3	2	4
mmu-mir-3077-3p	2	0	1	1	3	3	1	1	2	2	2	4
mmu-mir-5125-3p	1	1	0	0	0	0	0	1	1	2	4	0
mmu-mir-3058-3p	1	1	1	0	0	0	0	1	0	4	4	2
mmu-mir-7026-5p	0	0	0	0	3	1	4	1	1	1	3	2
mmu-mir-878-3p	1	3	0	0	3	4	1	1	3	2	4	2
mmu-mir-495-5p	0	1	0	0	1	0	4	3	2	0	2	0
mmu-mir-1938-3p	0	1	0	0	1	3	1	3	4	1	3	3
mmu-mir-490-5p	4	2	0	0	0	3	1	1	0	0	1	0
mmu-mir-7074-3p	1	0	0	0	0	0	0	0	0	1	0	4
mmu-mir-467g-3p	4	0	1	1	1	0	0	2	1	0	2	1
mmu-mir-8120-5p	2	4	3	2	2	4	2	4	1	1	2	3
mmu-mir-384-3p	1	3	0	1	1	3	0	0	0	4	3	0
mmu-mir-450a-2-3p	1	0	2	1	2	3	0	2	0	0	1	4
mmu-mir-449a-3p	0	1	4	2	3	3	2	4	4	2	2	0
mmu-mir-8117-3p	0	0	4	0	0	0	0	0	0	0	0	0
mmu-mir-7038-5p	1	0	0	1	0	1	1	4	1	0	2	0
mmu-mir-3113-3p	0	4	0	2	0	0	4	2	1	0	0	2
mmu-mir-1224-5p	3	2	0	1	1	1	2	4	0	4	0	2
mmu-mir-1195-3p	0	1	0	3	2	1	1	0	1	2	2	4
mmu-mir-7060-3p	0	0	1	1	0	0	0	0	4	1	0	0
mmu-mir-3109-5p	0	0	0	0	0	0	0	1	0	0	4	1
mmu-mir-1895-3p	1	0	2	2	3	0	0	0	1	4	3	4
mmu-mir-1971-5p	0	2	0	0	1	3	2	0	4	0	0	1
mmu-mir-7655-3p	1	1	2	2	1	3	1	1	3	1	4	1
mmu-mir-6935-5p	1	0	0	0	0	1	1	1	0	1	0	4
mmu-mir-1188-3p	1	0	0	1	4	2	0	1	1	0	4	2
mmu-mir-216b-3p	1	0	0	1	1	0	3	0	2	4	2	2
mmu-mir-7658-5p	4	1	4	3	2	4	3	4	3	3	0	3
mmu-mir-147-5p	1	3	3	3	0	2	4	0	1	0	4	4
mmu-mir-200c-5p	2	3	2	3	1	0	4	3	1	3	2	2
mmu-mir-6364-3p	0	1	1	1	1	1	0	0	0	3	1	4
mmu-mir-5620-5p	1	0	0	0	0	1	2	4	1	2	4	3
mmu-mir-376c-5p	4	1	1	1	2	1	2	1	1	1	1	1
mmu-mir-29b-2-5p	1	0	0	2	0	2	1	2	2	1	4	0
mmu-mir-135a-2-3p	1	3	1	4	2	4	3	4	1	3	1	3
mmu-mir-743a-5p	2	0	1	1	2	4	1	3	2	3	2	4
mmu-mir-7666-3p	2	0	1	0	1	0	1	0	1	2	1	4
mmu-mir-487b-5p	1	0	0	1	1	2	3	3	1	1	4	0
mmu-mir-381-5p	1	0	1	2	0	4	0	1	2	1	3	0
mmu-mir-665-5p	0	3	0	2	0	2	4	3	1	0	0	1
mmu-mir-3078-5p	1	2	3	1	2	4	0	0	0	0	0	0
mmu-mir-29c-3p	0	3	3	1	3	3	1	4	4	0	3	3
mmu-mir-6932-5p	1	0	0	1	2	4	2	3	0	0	3	2
mmu-mir-1950-5p	1	1	4	2	1	1	2	0	1	1	0	1
mmu-mir-6960-5p	0	2	0	1	0	1	4	2	1	1	2	1
mmu-mir-3061-5p	1	1	4	0	2	0	3	4	4	3	3	1
mmu-mir-3110-5p	1	0	0	0	0	0	1	4	1	2	0	2
mmu-mir-146b-3p	0	0	1	2	1	1	0	2	2	0	4	1
mmu-mir-7659-5p	1	2	0	1	0	0	4	2	4	0	3	4
mmu-mir-1951-3p	1	1	0	0	1	2	2	1	1	1	4	3
mmu-mir-3471-1-5p	0	0	1	0	0	1	4	1	0	1	1	1
mmu-mir-664-3p	2	2	2	1	4	1	1	3	4	0	4	4
mmu-mir-6994-3p	1	2	1	3	1	0	3	3	3	1	3	1
mmu-mir-214-5p	0	1	0	1	0	0	0	2	2	3	0	1
mmu-mir-1930-3p	2	2	1	0	1	1	2	2	3	2	2	0
mmu-mir-1912-5p	0	2	1	1	0	3	1	2	0	0	2	1
mmu-mir-491-5p	1	2	0	0	1	1	0	0	2	2	1	3
mmu-mir-1198-3p	0	0	1	1	1	3	2	1	2	0	2	2
mmu-mir-1932-3p	0	2	0	0	0	0	1	0	0	0	3	1
mmu-mir-7083-3p	0	1	0	1	1	0	0	0	0	0	3	1
mmu-mir-6901-5p	3	1	1	0	1	2	0	1	0	0	1	2
mmu-mir-7069-5p	0	0	3	1	1	0	0	0	0	0	2	3
mmu-mir-3070-1-3p	0	0	1	1	3	0	2	1	1	1	2	3
mmu-mir-3108-3p	0	1	1	2	0	3	0	2	1	0	1	2
mmu-mir-7006-3p	0	0	2	3	0	1	3	2	0	0	1	2
mmu-mir-6941-3p	1	0	0	1	0	3	0	0	1	0	0	0
mmu-mir-7036b-5p	1	0	0	1	0	0	0	0	1	0	0	3
mmu-mir-101c-5p	0	1	2	1	3	3	2	1	1	2	1	3
mmu-mir-1291-3p	1	3	1	0	1	1	0	1	0	2	2	1
mmu-mir-133b-3p	1	1	3	0	0	3	0	0	0	1	1	2
mmu-mir-7026-3p	0	0	0	0	0	0	3	2	0	1	0	0
mmu-mir-219a-2-5p	2	1	1	0	3	1	1	1	3	1	2	1
mmu-mir-374c-5p	0	0	0	0	0	0	1	3	3	2	3	3
mmu-mir-1956-3p	0	0	0	0	0	0	0	0	0	2	2	3
mmu-mir-98-3p	0	1	0	3	0	0	0	1	1	1	2	1
mmu-mir-1953-5p	2	0	0	0	0	0	0	3	0	0	1	0
mmu-mir-6946-3p	1	2	1	1	1	1	0	1	1	2	3	1
mmu-mir-7043-3p	1	1	1	3	0	2	0	1	0	1	2	2
mmu-mir-5625-3p	0	0	0	1	0	0	0	0	1	0	0	3
mmu-mir-378d-5p	2	3	2	0	3	2	2	0	2	1	1	0
mmu-mir-5106-3p	2	1	0	0	0	3	1	1	0	0	0	1
mmu-mir-138-2-3p	3	0	0	0	0	0	0	1	2	0	1	2
mmu-mir-1943-3p	0	0	0	2	0	0	0	2	0	0	0	3
mmu-mir-338-3p	0	1	0	0	1	0	1	0	0	0	3	0
mmu-mir-5131-5p	1	0	0	0	0	0	3	0	0	0	0	0
mmu-mir-669c-3p	1	1	0	0	1	0	0	1	3	0	0	0
mmu-mir-29b-1-5p	0	0	1	3	0	0	1	0	1	1	0	1
mmu-mir-471-3p	0	0	0	0	1	3	0	0	0	0	2	1
mmu-mir-3572-5p	0	1	0	0	3	0	0	0	0	0	2	1
mmu-mir-1961-5p	0	0	0	2	0	0	0	0	1	0	3	2
mmu-mir-463-3p	0	0	0	0	0	2	1	0	0	1	3	1
mmu-mir-6968-3p	1	1	1	0	1	1	0	0	0	1	3	3
mmu-mir-7655-5p	2	0	0	1	0	0	1	1	0	3	1	0
mmu-mir-7054-5p	1	0	0	0	0	3	0	0	2	1	0	0
mmu-mir-384-5p	1	0	0	0	1	3	2	1	0	1	1	0
mmu-mir-1194-5p	0	0	0	0	2	0	2	1	0	0	3	1
mmu-mir-1191b-5p	1	3	0	0	0	0	0	0	0	0	0	0
mmu-mir-3070-1-5p	0	1	3	3	1	0	2	1	2	1	2	1
mmu-mir-100-3p	1	1	1	2	3	2	1	0	2	1	1	0
mmu-mir-193a-3p	0	3	0	0	0	1	1	0	2	0	3	3
mmu-mir-7059-5p	1	2	0	1	3	1	0	1	0	2	1	1
mmu-mir-5112-5p	0	0	2	1	2	1	3	0	1	1	1	2
mmu-mir-3112-5p	0	0	0	0	0	0	1	1	0	0	3	0
mmu-mir-3473c-5p	0	0	1	0	3	1	1	0	2	1	0	0
mmu-mir-7089-5p	0	0	1	2	3	0	0	0	0	1	1	0
mmu-mir-8105-3p	3	0	0	0	1	1	0	2	1	2	3	3
mmu-mir-19a-5p	0	0	2	3	0	0	1	0	0	2	1	3
mmu-mir-5122-5p	1	0	0	0	3	1	3	3	0	1	0	1
mmu-mir-138-1-3p	0	0	1	0	3	1	0	1	0	0	0	0
mmu-mir-8112-5p	1	1	0	0	0	3	1	1	0	1	0	1
mmu-mir-7018-3p	1	0	0	0	2	0	1	1	3	2	3	2
mmu-mir-9-2-3p	0	0	3	1	2	0	0	1	0	0	0	1
mmu-mir-463-5p	1	0	3	2	0	1	1	0	0	0	3	1
mmu-mir-7675-3p	3	1	0	0	0	0	0	0	0	0	2	1
mmu-mir-429-5p	0	1	0	1	0	0	0	3	0	1	0	0
mmu-mir-1258-5p	3	0	0	0	0	0	0	2	2	0	2	0
mmu-mir-743b-5p	0	0	1	3	2	0	0	0	0	1	3	0
mmu-mir-7070-5p	0	0	0	0	0	3	0	0	0	1	2	1
mmu-mir-682-3p	0	0	0	0	0	1	0	0	0	1	3	0
mmu-mir-466k-3p	1	0	1	1	3	2	3	2	1	2	3	0
mmu-mir-879-5p	0	0	0	0	0	0	0	2	0	1	3	1
mmu-mir-186-3p	1	0	1	1	1	0	1	2	0	0	0	3
mmu-mir-1912-3p	0	2	0	1	0	0	3	1	0	2	0	2
mmu-mir-3073a-3p	0	0	0	0	0	0	0	0	1	3	2	0
mmu-mir-153-5p	0	3	0	0	0	1	0	0	0	0	0	0
mmu-mir-383-5p	2	1	0	0	0	0	1	2	0	2	1	3
mmu-mir-1966-3p	1	0	0	0	0	1	1	1	0	0	2	3
mmu-mir-6948-5p	0	3	2	0	0	1	2	0	1	0	2	2
mmu-mir-466m-5p	1	3	1	1	1	2	1	1	3	3	3	3
mmu-mir-6937-5p	0	0	0	1	2	0	0	3	0	1	0	0
mmu-mir-6395-5p	0	1	1	1	1	0	1	0	2	2	1	3
mmu-mir-692-2-3p	1	1	3	2	1	3	3	1	0	0	2	2
mmu-mir-496a-5p	0	0	1	0	0	1	3	3	1	2	0	2
mmu-mir-539-3p	1	1	2	2	1	0	1	2	0	3	0	3
mmu-mir-8094-5p	1	1	1	0	0	2	3	1	1	1	0	0
mmu-mir-7021-3p	1	0	1	1	1	0	1	0	3	0	0	0
mmu-mir-6955-5p	0	2	3	0	0	0	1	1	0	0	2	0
mmu-mir-466f-4-5p	0	0	0	1	0	0	1	1	0	0	3	2
mmu-mir-669p-2-3p	1	3	1	2	1	2	0	1	0	1	1	1
mmu-mir-124-2-5p	1	1	2	0	3	3	0	2	0	2	2	0
mmu-mir-3098-3p	2	2	1	2	2	1	1	1	2	3	3	3
mmu-mir-3095-3p	1	2	1	2	1	2	1	1	2	0	3	1
mmu-mir-5132-5p	1	1	0	3	1	0	3	0	0	1	0	0
mmu-mir-3092-3p	0	0	0	0	0	0	0	0	0	1	1	3
mmu-mir-7237-3p	1	1	0	1	1	1	2	2	0	3	2	1
mmu-mir-544-3p	0	0	2	2	0	0	3	0	1	0	3	0
mmu-mir-467f-3p	0	1	0	1	0	1	0	1	0	0	0	3
mmu-mir-211-5p	3	1	1	0	1	1	1	0	2	1	1	0
mmu-mir-466f-4-3p	0	0	0	0	0	0	1	1	1	0	0	3
mmu-mir-6904-3p	3	0	0	0	0	0	1	0	0	1	1	0
mmu-mir-3473g-3p	1	0	1	2	1	0	1	1	1	3	2	1
mmu-mir-208a-3p	0	1	0	1	0	0	0	0	0	0	3	1
mmu-mir-196a-2-3p	0	0	1	0	0	0	2	0	0	1	2	0
mmu-mir-5621-3p	0	0	0	0	0	0	0	2	0	1	0	1
mmu-mir-7648-3p	0	1	0	0	0	0	1	0	1	0	2	1
mmu-mir-3103-3p	0	1	0	1	2	2	2	2	1	2	2	2
mmu-mir-6933-5p	1	0	1	0	0	1	0	0	0	0	0	2
mmu-mir-592-3p	0	0	0	0	0	0	0	0	0	0	1	2
mmu-mir-216a-5p	0	0	0	1	2	1	0	0	0	0	1	2
mmu-mir-5129-3p	0	1	0	0	0	1	0	0	1	1	1	2
mmu-mir-7052-3p	2	0	1	0	0	0	0	0	0	0	0	0
mmu-mir-7053-3p	2	1	1	2	2	1	0	2	0	2	1	2
mmu-mir-499-3p	0	0	0	0	2	1	0	0	0	0	0	0
mmu-mir-1933-5p	0	0	0	0	0	1	0	1	0	1	1	2
mmu-mir-149-3p	0	0	1	1	0	1	1	2	1	1	0	0
mmu-mir-5133-3p	0	0	0	2	0	1	1	1	1	0	0	0
mmu-mir-6940-3p	1	0	0	0	1	0	1	0	1	2	0	1
mmu-mir-669j-5p	0	0	1	0	0	1	0	0	1	0	2	2
mmu-mir-718-5p	0	0	1	1	0	2	0	1	1	0	0	0
mmu-mir-547-3p	0	0	2	0	0	0	0	0	0	0	0	1
mmu-mir-5136-5p	0	0	0	1	0	0	1	2	0	0	0	0
mmu-mir-216a-3p	0	0	0	0	2	0	0	0	0	0	0	0
mmu-mir-6377-5p	0	0	0	0	0	0	0	0	0	0	2	0
mmu-mir-6998-5p	0	0	0	0	0	0	1	0	0	0	2	0
mmu-mir-7652-5p	0	0	0	1	0	0	2	2	0	0	0	0
mmu-mir-6918-5p	1	0	0	2	2	1	0	1	1	1	0	0
mmu-mir-6389-5p	0	0	0	0	1	2	2	1	1	0	1	0
mmu-mir-7080-5p	0	0	1	0	1	0	0	2	0	0	0	1
mmu-mir-344c-3p	0	2	0	2	0	0	2	0	1	1	0	2
mmu-mir-6943-3p	0	0	2	0	0	1	0	2	1	0	1	1
mmu-mir-7063-5p	0	0	0	0	2	1	0	0	2	2	0	0
mmu-mir-7227-3p	0	0	0	0	1	0	0	0	2	2	1	2
mmu-mir-669d-2-3p	1	0	2	1	0	2	1	1	1	1	2	2
mmu-mir-6997-5p	0	0	0	0	0	0	2	1	0	0	1	1
mmu-mir-466b-2-5p	0	0	1	0	0	0	0	0	0	0	2	0
mmu-mir-7667-5p	0	2	2	0	1	1	0	2	0	0	1	0
mmu-mir-7024-5p	0	1	0	0	0	0	0	0	0	0	2	1
mmu-mir-7017-5p	1	2	0	0	1	0	1	0	1	0	1	0
mmu-mir-504-3p	2	1	0	0	0	1	0	0	0	1	0	1
mmu-mir-24-2-5p	0	0	0	0	0	1	0	0	0	0	0	2
mmu-mir-1953-3p	0	0	0	0	2	0	0	1	0	1	0	0
mmu-mir-6956-5p	2	0	0	0	0	0	0	1	0	0	0	0
mmu-mir-6976-3p	0	1	1	1	2	0	0	0	0	1	1	0
mmu-mir-684-1-5p	2	1	1	0	0	0	1	0	0	0	0	0
mmu-mir-8093-3p	1	0	0	0	0	1	1	1	2	0	0	1
mmu-mir-6912-3p	0	0	1	0	2	0	0	0	0	1	0	0
mmu-let-7i-3p	0	0	0	0	0	0	0	0	0	0	0	2
mmu-mir-7672-3p	0	2	0	0	0	0	1	1	2	0	0	1
mmu-mir-3103-5p	0	0	0	0	0	0	1	0	2	0	0	0
mmu-mir-5615-1-3p	2	0	0	0	0	0	1	1	0	0	1	0
mmu-mir-466i-5p	0	0	2	0	0	0	0	1	0	0	0	0
mmu-mir-6355-3p	0	0	0	0	0	0	0	0	0	2	0	0
mmu-mir-7687-5p	0	0	1	0	2	0	0	0	2	1	0	0
mmu-mir-133a-2-5p	0	0	2	1	0	1	0	0	0	0	0	0
mmu-mir-7035-5p	0	0	2	0	0	0	0	0	0	0	0	0
mmu-mir-466h-3p	0	0	0	0	0	0	0	0	2	0	1	0
mmu-mir-3471-1-3p	0	0	0	0	0	0	2	0	1	0	2	1
mmu-mir-6913-3p	0	0	1	1	0	2	1	0	0	0	2	0
mmu-let-7c-1-5p	0	0	0	0	0	0	0	0	0	2	0	1
mmu-mir-448-5p	0	0	0	0	0	2	0	0	0	0	0	0
mmu-mir-1a-1-5p	0	0	1	0	1	0	0	0	0	1	2	0
mmu-mir-1970-5p	0	0	0	0	0	0	0	1	0	2	1	0
mmu-mir-208b-3p	0	0	0	0	0	0	2	1	0	0	0	1
mmu-mir-3569-3p	0	2	1	0	1	0	0	0	0	0	0	2
mmu-mir-1969-5p	2	2	0	0	0	0	1	1	1	1	1	2
mmu-mir-5104-5p	0	1	1	0	0	0	1	0	2	0	1	0
mmu-mir-6998-3p	1	0	0	1	1	1	0	0	0	2	0	2
mmu-mir-292a-5p	0	0	0	0	2	0	0	0	1	0	0	0
mmu-mir-1938-5p	2	0	0	0	0	2	1	0	1	2	0	1
mmu-mir-883b-3p	0	0	1	0	1	0	1	2	0	0	0	1
mmu-mir-758-5p	0	0	0	1	1	1	1	0	0	0	1	2
mmu-mir-1192-3p	1	0	0	1	0	2	0	0	0	1	2	0
mmu-mir-7212-5p	0	0	0	0	0	0	2	0	0	0	0	1
mmu-mir-669d-3p	0	0	1	1	1	2	0	0	0	2	1	0
mmu-mir-6344-3p	0	0	0	0	0	0	0	0	2	0	0	0
mmu-mir-1931-3p	0	0	1	1	1	1	1	1	1	1	2	0
mmu-mir-421-5p	0	1	1	1	2	0	1	0	0	1	0	1
mmu-mir-7650-3p	0	0	0	0	0	2	0	2	0	1	1	0
mmu-mir-6985-3p	0	0	0	0	0	0	0	0	0	0	0	2
mmu-let-7f-1-5p	1	2	1	0	2	1	0	0	0	0	0	0
mmu-mir-1231-5p	2	1	0	0	0	0	0	1	0	1	1	1
mmu-mir-5118-5p	0	0	0	0	0	2	0	0	0	0	0	0
mmu-mir-5098-5p	0	0	0	0	1	0	0	0	0	0	0	2
mmu-mir-6418-3p	0	0	0	1	0	0	0	0	1	0	1	2
mmu-mir-5132-3p	1	0	0	0	0	2	0	0	0	0	0	0
mmu-mir-3067-3p	0	0	2	1	0	0	1	0	0	0	0	0
mmu-mir-5110-5p	0	1	0	0	0	0	2	2	0	0	0	0
mmu-mir-7042-5p	1	0	0	0	0	0	0	1	1	0	0	2
mmu-mir-3472-3p	0	1	0	0	0	1	0	1	0	1	0	2
mmu-mir-6340-5p	0	0	0	0	0	0	0	0	0	0	2	0
mmu-mir-1190-3p	1	0	0	0	0	0	0	2	0	0	0	1
mmu-mir-7651-5p	0	1	0	0	0	2	1	0	0	0	1	0
mmu-mir-706-5p	0	0	0	0	1	0	1	0	1	2	1	0
mmu-mir-6546-3p	1	0	0	0	0	0	2	1	0	0	0	0
mmu-mir-6951-5p	0	0	0	0	0	0	2	0	0	1	0	1
mmu-mir-144-3p	0	0	0	0	0	2	0	0	0	0	0	0
mmu-mir-668-5p	0	0	1	2	2	1	1	2	2	1	0	0
mmu-mir-3095-5p	1	0	1	1	0	0	2	0	1	0	1	1
mmu-mir-7048-3p	0	0	0	0	1	0	0	0	0	2	1	1
mmu-mir-6996-3p	0	0	0	0	0	0	0	0	1	2	0	1
mmu-mir-6981-5p	0	0	1	2	1	0	0	0	0	0	0	1
mmu-mir-7682-3p	0	0	0	0	0	0	0	0	0	0	0	2
mmu-mir-1947-3p	0	1	0	0	0	0	0	0	0	0	2	0
mmu-mir-6929-3p	0	0	0	0	0	0	1	2	1	1	0	0
mmu-mir-138-2-5p	1	0	0	2	0	0	0	1	0	2	1	1
mmu-mir-466j-5p	0	0	1	1	0	1	0	1	0	0	0	2
mmu-mir-6914-3p	0	2	0	0	2	1	0	0	1	0	1	2
mmu-mir-7023-3p	0	0	0	0	2	0	1	0	0	0	0	0
mmu-mir-146a-3p	0	0	0	0	0	0	0	0	1	2	0	1
mmu-mir-5128-5p	0	1	1	0	0	0	0	0	0	0	1	2
mmu-mir-30f-3p	0	0	0	0	0	0	0	2	0	0	0	0
mmu-mir-3089-3p	2	0	0	2	0	0	2	0	0	1	1	1
mmu-mir-28b-5p	0	0	0	0	0	0	0	0	0	1	1	2
mmu-mir-7049-5p	0	0	0	0	0	2	0	1	0	0	0	1
mmu-mir-6916-5p	0	0	0	0	0	0	0	1	2	2	0	1
mmu-mir-703-3p	2	0	2	0	0	0	0	1	1	0	0	1
mmu-mir-6935-3p	2	1	0	0	0	0	1	0	0	0	1	0
mmu-mir-1668-3p	1	0	2	1	1	2	1	0	0	0	1	0
mmu-mir-1949-5p	0	0	0	1	1	0	0	0	0	0	0	2
mmu-mir-7656-5p	0	2	0	0	0	0	0	0	0	0	0	1
mmu-mir-103-2-5p	2	0	0	0	0	0	0	2	0	0	0	1
mmu-mir-6516-5p	0	2	2	0	0	0	1	0	1	0	2	1
mmu-mir-214-3p	1	1	0	0	1	0	2	0	2	1	0	2
mmu-mir-1843a-3p	0	0	1	0	1	0	0	2	1	2	1	2
mmu-mir-7653-5p	2	0	1	0	0	0	2	0	1	0	0	0
mmu-mir-5107-3p	0	0	0	0	0	0	0	0	0	0	1	2
mmu-mir-29a-5p	1	0	0	0	1	1	1	0	0	1	2	1
mmu-mir-5616-3p	0	1	0	0	1	0	0	0	0	2	0	2
mmu-mir-3076-5p	0	1	0	0	1	0	0	2	0	0	0	1
mmu-mir-1298-3p	0	0	0	1	2	0	1	1	1	0	0	2
mmu-mir-7116-3p	0	0	0	0	2	1	0	0	1	0	1	0
mmu-mir-466i-3p	2	1	0	0	0	2	0	0	0	0	1	2
mmu-mir-6905-3p	1	0	0	0	0	0	0	0	0	0	0	2
mmu-mir-1191a-5p	1	2	0	0	2	0	2	1	0	1	0	1
mmu-mir-29b-2-3p	0	1	0	0	1	1	2	1	1	0	1	0
mmu-mir-6928-3p	0	0	0	1	0	0	1	0	1	2	1	1
mmu-mir-7091-5p	0	0	0	1	1	1	1	1	1	2	2	2
mmu-mir-6380-3p	1	1	0	0	0	0	0	0	1	2	0	0
mmu-mir-3472-5p	0	0	2	1	0	0	0	0	0	0	0	0
mmu-mir-1247-5p	0	0	1	0	0	0	1	1	2	0	1	1
mmu-mir-125b-2-5p	1	0	0	0	0	0	0	2	0	0	2	1
mmu-mir-7078-5p	1	2	1	0	0	0	0	1	0	0	0	0
mmu-mir-6383-5p	0	0	0	0	0	0	0	0	0	0	0	2
mmu-mir-6967-2-5p	1	1	0	1	0	2	0	1	0	0	1	0
mmu-let-7f-2-3p	1	0	0	1	1	0	1	1	0	0	2	1
mmu-mir-6931-3p	1	1	0	0	0	1	0	0	1	0	0	2
mmu-mir-6964-3p	0	0	0	0	0	0	2	0	1	0	1	0
mmu-mir-6953-3p	0	0	0	0	0	0	0	0	2	1	1	0
mmu-mir-466p-3p	0	2	0	0	0	0	0	0	0	0	1	0
mmu-mir-5621-5p	0	1	0	0	0	1	0	2	0	0	0	1
mmu-mir-7049-3p	0	0	0	0	0	0	0	0	0	1	0	2
mmu-mir-467f-5p	0	0	0	0	0	0	0	0	2	0	1	0
mmu-mir-3108-5p	0	1	0	1	0	0	0	0	0	0	2	0
mmu-mir-7059-3p	0	0	1	0	0	0	0	0	0	2	0	0
mmu-mir-6369-3p	1	0	1	2	0	0	1	0	2	1	1	2
mmu-mir-6977-3p	1	0	0	0	0	0	1	0	0	1	2	0
mmu-mir-8106-3p	0	1	0	0	0	0	2	0	0	0	0	0
mmu-mir-8113-5p	1	1	0	0	0	0	2	2	0	0	0	1
mmu-mir-19b-1-3p	0	2	1	0	1	0	1	1	2	0	0	1
mmu-mir-7665-5p	2	0	1	0	0	1	0	0	0	0	0	0
mmu-mir-6238-3p	0	0	0	0	0	0	0	0	0	0	0	2
mmu-mir-1231-3p	0	2	1	0	0	0	0	0	0	1	0	0
mmu-mir-7118-3p	0	1	0	0	0	0	0	1	0	2	1	1
mmu-mir-6715-3p	0	0	1	2	0	0	0	0	1	0	1	0
mmu-mir-7649-3p	0	0	0	1	0	0	0	0	0	0	0	2
mmu-mir-694-3p	0	0	0	0	0	0	0	0	0	0	0	2
mmu-mir-3113-5p	0	2	0	1	0	0	2	1	0	0	0	1
mmu-mir-6903-3p	0	2	0	0	0	1	1	0	1	0	2	1
mmu-mir-187-5p	1	1	1	0	2	0	2	0	0	0	0	0
mmu-mir-7003-5p	0	1	0	0	2	0	1	1	0	0	1	1
mmu-mir-7673-5p	0	1	0	0	0	0	0	0	0	0	0	0
mmu-mir-7225-5p	0	0	0	0	1	0	0	0	0	0	0	0
mmu-mir-7036a-5p	0	0	0	0	0	1	1	0	0	0	0	0
mmu-mir-7084-5p	0	0	0	0	0	0	0	0	0	0	0	1
mmu-mir-6392-5p	0	0	0	0	1	0	0	0	0	0	0	0
mmu-mir-6393-3p	0	0	0	0	0	0	0	0	0	0	1	1
mmu-mir-763-5p	0	1	0	0	0	0	0	0	0	0	0	0
mmu-mir-5619-5p	0	1	0	0	0	0	0	0	0	0	0	0
mmu-mir-1249-5p	0	0	0	0	0	0	1	1	1	0	0	0
mmu-mir-9-2-5p	0	0	0	0	1	1	0	0	0	0	0	0
mmu-mir-7238-5p	1	0	0	0	0	1	0	0	0	0	0	0
mmu-mir-6942-5p	0	0	0	0	0	0	1	0	1	0	0	0
mmu-mir-5112-3p	0	0	0	0	1	0	0	0	0	0	0	0
mmu-mir-1907-5p	1	0	0	0	0	0	0	0	0	0	0	0
mmu-mir-7012-3p	0	0	0	0	0	0	1	0	0	0	0	0
mmu-mir-5130-5p	0	0	0	0	1	1	0	0	0	0	1	1
mmu-mir-7681-5p	0	0	0	0	0	1	0	0	0	0	0	0
mmu-mir-7669-5p	0	0	1	0	0	0	1	0	0	0	1	1
mmu-mir-194-1-5p	1	0	0	1	1	0	0	0	1	1	0	0
mmu-mir-223-3p	0	0	0	0	0	1	0	0	1	0	0	1
mmu-mir-6971-3p	0	0	0	0	0	0	1	1	1	0	0	0
mmu-mir-107-5p	0	0	0	0	0	0	1	0	0	0	0	0
mmu-mir-8093-5p	0	0	0	0	0	0	0	0	0	1	0	1
mmu-mir-1967-5p	0	0	0	0	0	1	0	0	0	1	1	0
mmu-mir-6990-3p	0	0	0	0	1	0	0	0	0	0	0	0
mmu-mir-8095-5p	0	0	0	0	0	0	0	0	0	1	0	0
mmu-mir-6984-3p	0	0	0	0	0	0	0	0	0	0	0	1
mmu-mir-3081-5p	0	0	1	0	0	0	0	0	0	0	0	0
mmu-mir-6914-5p	0	1	0	0	0	0	1	0	0	0	0	0
mmu-mir-3093-3p	0	0	0	0	0	0	0	0	0	0	0	1
mmu-mir-3074-2-3p	0	0	0	0	0	1	0	0	0	0	0	0
mmu-mir-6955-3p	0	0	0	1	0	1	0	0	0	0	0	0
mmu-mir-3064-3p	0	0	0	1	0	0	0	0	0	0	0	1
mmu-mir-5620-3p	0	0	0	0	0	0	0	1	0	1	0	1
mmu-mir-675-5p	0	0	0	0	0	0	0	0	1	0	0	0
mmu-mir-3100-3p	0	0	0	0	0	0	0	0	0	0	0	1
mmu-mir-6996-5p	0	0	0	0	0	0	1	0	0	0	0	0
mmu-mir-701-3p	1	0	0	0	0	0	0	1	0	0	0	0
mmu-mir-5122-3p	0	0	0	0	0	0	0	1	0	0	0	1
mmu-mir-7660-3p	1	0	0	0	1	0	0	1	0	0	1	1
mmu-mir-3154-3p	0	0	0	0	1	0	0	0	0	0	0	1
mmu-mir-6384-5p	0	0	1	0	0	0	0	0	0	0	0	0
mmu-mir-3547-5p	0	0	1	0	0	0	0	0	0	0	0	0
mmu-mir-6344-5p	0	0	0	1	0	0	0	0	0	0	0	1
mmu-mir-6962-3p	0	0	1	0	0	1	0	0	0	0	0	1
mmu-mir-3069-5p	0	0	0	0	0	1	0	0	0	0	0	0
mmu-mir-704-5p	0	0	0	1	0	0	0	0	0	0	0	0
mmu-mir-432-3p	0	0	0	0	0	0	0	0	0	0	0	1
mmu-mir-1966-5p	0	0	0	0	0	0	0	0	0	0	0	1
mmu-mir-6915-5p	0	0	1	0	0	0	0	0	0	0	0	1
mmu-mir-1958-5p	0	0	0	0	0	0	0	0	1	0	0	0
mmu-mir-6972-3p	0	0	1	0	0	0	1	1	0	1	0	0
mmu-mir-6950-5p	0	1	1	0	0	0	0	0	0	0	1	0
mmu-mir-697-3p	0	0	0	0	0	0	0	0	1	0	1	0
mmu-mir-468-3p	0	0	0	1	0	0	0	0	0	0	0	1
mmu-mir-7069-3p	0	0	1	0	0	0	0	0	0	1	0	0
mmu-mir-7685-3p	0	0	0	1	0	0	1	1	0	1	0	0
mmu-mir-5136-3p	0	0	1	0	1	0	0	0	1	0	0	1
mmu-mir-6991-5p	0	1	0	0	0	0	0	1	0	0	0	0
mmu-mir-449b-5p	0	0	0	0	1	0	0	0	0	0	0	0
mmu-mir-207-3p	0	0	0	1	0	0	1	0	0	0	0	0
mmu-mir-24-1-3p	0	0	0	0	0	0	0	0	0	0	1	0
mmu-mir-491-3p	1	1	0	0	0	0	0	0	0	0	1	0
mmu-mir-7018-5p	0	1	0	0	0	1	0	0	1	0	0	1
mmu-mir-7034-5p	0	0	0	0	0	0	1	0	0	0	0	0
mmu-mir-5134-3p	0	0	0	0	1	1	1	0	0	0	0	1
mmu-mir-7212-3p	0	0	0	0	0	0	0	0	0	0	1	0
mmu-mir-6938-3p	0	0	0	0	0	0	0	0	0	0	1	0
mmu-mir-7065-3p	0	1	0	0	0	0	1	0	1	0	1	1
mmu-mir-3104-3p	0	0	0	0	0	0	0	0	0	0	1	1
mmu-mir-6960-3p	0	0	0	0	0	0	0	0	0	1	0	0
mmu-mir-3552-3p	0	0	0	0	0	0	0	0	0	1	0	0
mmu-let-7a-1-5p	0	0	1	1	0	0	1	0	0	0	0	0
mmu-mir-6925-3p	0	0	1	0	0	0	0	0	0	0	1	0
mmu-mir-1927-5p	1	0	0	0	1	0	0	0	1	0	0	0
mmu-mir-7658-3p	0	0	0	0	0	0	0	0	1	0	1	0
mmu-mir-1970-3p	0	0	0	0	0	1	0	1	0	0	0	0
mmu-mir-1893-3p	0	0	0	1	0	0	0	0	0	0	0	0
mmu-mir-6944-5p	0	0	0	0	0	0	0	0	1	1	0	0
mmu-mir-1894-5p	0	0	0	0	0	0	0	0	0	0	1	0
mmu-mir-124-2-3p	0	0	0	0	0	0	0	0	0	0	0	1
mmu-mir-6923-3p	0	0	0	0	0	0	1	0	0	0	0	0
mmu-mir-5134-5p	0	0	0	0	1	0	1	0	0	0	1	0
mmu-mir-935-5p	1	1	0	0	1	0	1	0	0	1	0	0
mmu-mir-6973a-5p	0	0	1	0	0	0	0	0	0	0	0	0
mmu-mir-130c-5p	0	0	0	0	0	0	0	1	0	0	0	0
mmu-mir-7662-3p	0	1	0	0	0	0	0	0	0	0	0	0
mmu-mir-6970-5p	0	0	0	0	0	1	1	0	0	0	0	1
mmu-mir-3112-3p	0	0	0	0	0	0	0	0	0	0	1	1
mmu-mir-7032-5p	0	0	0	0	0	0	0	0	0	0	1	0
mmu-mir-103-1-5p	0	0	0	0	0	0	0	1	0	0	0	0
mmu-mir-7064-5p	0	0	1	0	0	0	0	0	0	0	0	1
mmu-mir-6923-5p	0	0	0	0	0	0	0	1	0	0	0	0
mmu-mir-6919-3p	0	0	0	0	1	0	0	0	1	0	0	0
mmu-mir-1903-3p	1	0	0	0	1	0	0	0	0	0	0	0
mmu-mir-7668-3p	0	0	0	0	1	0	0	0	0	0	0	0
mmu-mir-7237-5p	0	0	1	0	1	0	1	0	0	0	1	0
mmu-mir-6351-5p	0	0	0	0	0	0	0	0	0	1	1	0
mmu-mir-874-5p	0	0	0	0	1	0	0	0	0	0	0	0
mmu-mir-6921-3p	1	0	0	0	1	1	1	1	0	1	0	0
mmu-mir-344-1-5p	1	0	1	0	0	0	0	0	0	1	0	0
mmu-mir-6537-3p	0	0	0	0	0	0	0	0	0	1	0	0
mmu-mir-683-2-5p	0	0	0	0	0	1	0	0	0	0	0	0
mmu-mir-7060-5p	0	0	0	0	0	0	0	0	0	1	0	0
mmu-mir-669b-5p	0	0	0	0	0	0	0	0	1	0	0	0
mmu-let-7k-5p	0	0	0	0	0	0	1	0	1	0	0	0
mmu-mir-3618-5p	0	0	0	1	0	0	0	0	0	0	1	0
mmu-mir-7119-5p	0	0	0	0	0	0	0	0	0	1	0	0
mmu-mir-1971-3p	0	0	0	0	1	0	0	0	0	0	0	0
mmu-mir-6988-5p	0	0	0	0	0	0	0	1	0	0	0	0
mmu-mir-3110-3p	0	0	0	0	0	0	0	0	0	1	0	0
mmu-mir-546-3p	0	0	0	0	0	0	0	0	0	1	1	0
mmu-mir-7668-5p	0	0	0	1	0	0	1	0	0	0	0	0
mmu-mir-1958-3p	0	1	0	0	0	0	0	0	0	0	0	1
mmu-mir-6912-5p	0	0	0	1	0	0	0	0	1	0	0	0
mmu-mir-7057-3p	0	0	0	0	0	0	0	0	1	0	0	0
mmu-mir-6950-3p	0	1	0	0	0	0	0	1	1	0	0	1
mmu-mir-6984-5p	0	0	1	0	0	0	1	0	0	0	0	0
mmu-mir-6966-5p	0	1	0	0	0	0	1	0	0	0	0	0
mmu-mir-5710-3p	0	0	0	0	1	0	1	0	0	0	1	0
mmu-mir-7085-5p	0	0	0	0	0	0	1	0	0	0	0	0
mmu-mir-6900-5p	0	1	1	0	1	0	0	0	0	1	0	1
mmu-mir-7005-5p	0	0	0	0	0	0	0	0	0	0	0	1
mmu-mir-719-3p	0	1	0	0	1	0	0	0	0	0	0	1
mmu-mir-7019-3p	0	0	0	0	0	0	0	1	0	0	0	0
mmu-mir-451a-3p	0	0	0	0	0	0	0	0	0	0	0	1
mmu-mir-7041-3p	0	0	0	0	0	0	1	0	0	0	0	0
mmu-mir-6348-5p	0	0	0	0	0	1	0	0	0	1	1	1
mmu-mir-6946-5p	0	0	1	0	0	0	0	0	0	0	1	1
mmu-mir-6934-5p	0	0	0	0	0	0	1	0	0	0	1	0
mmu-mir-3083-5p	0	1	0	0	0	0	0	0	0	0	0	0
mmu-mir-7019-5p	0	1	0	0	0	0	0	0	0	0	0	0
mmu-mir-6381-3p	0	0	1	0	0	0	0	0	0	0	0	1
mmu-mir-3067-5p	0	1	0	1	0	1	0	0	0	0	0	0
mmu-mir-7231-3p	0	0	0	0	0	0	0	1	0	0	0	0
mmu-mir-7003-3p	0	0	0	0	0	1	0	0	0	0	1	0
mmu-mir-2183-5p	0	0	0	0	0	0	0	0	0	0	0	1
mmu-mir-691-5p	0	1	0	0	0	0	0	0	0	0	0	0
mmu-mir-7071-3p	0	0	0	1	1	0	1	0	1	0	0	0
mmu-mir-883b-5p	0	0	0	0	0	0	0	0	0	0	1	0
mmu-mir-688-3p	0	0	1	0	0	0	0	0	0	0	0	0
mmu-mir-7079-5p	0	1	0	0	0	0	0	0	0	0	0	0
mmu-mir-6906-5p	0	0	0	0	0	0	0	1	0	0	1	0
mmu-mir-6994-5p	0	0	0	1	0	0	1	0	1	0	1	0
mmu-mir-6959-5p	1	1	0	0	0	0	0	0	0	0	0	1
mmu-mir-7674-3p	0	0	0	0	1	0	0	0	0	0	0	0
mmu-mir-6986-5p	1	0	0	0	0	0	0	0	0	0	0	1
mmu-mir-6374-3p	0	1	0	0	0	0	0	0	0	0	0	0
mmu-mir-6353-3p	1	0	0	0	0	0	0	0	0	0	0	0
mmu-mir-5113-3p	0	0	0	1	1	0	0	0	0	0	0	0
mmu-mir-7034-3p	0	0	0	1	0	0	0	1	0	0	0	0
mmu-mir-710-3p	0	0	0	0	0	0	0	0	0	0	1	0
mmu-mir-5618-5p	0	0	0	0	0	0	0	0	0	0	1	0
mmu-mir-6898-5p	1	0	0	0	0	1	0	1	0	1	0	1
mmu-mir-1941-5p	1	0	0	0	0	0	0	0	0	0	0	0
mmu-mir-5617-5p	0	0	1	0	0	1	0	1	0	1	0	0
mmu-mir-1906-2-3p	0	0	1	0	0	0	1	0	0	0	0	0
mmu-mir-3087-3p	0	0	0	0	1	0	1	0	0	1	1	1
mmu-mir-6411-5p	0	0	0	0	0	0	0	0	0	0	1	0
mmu-mir-7009-5p	1	0	0	0	1	0	0	0	0	0	1	0
mmu-mir-7031-5p	1	0	1	0	0	0	0	0	0	0	1	1
mmu-mir-6927-5p	0	1	0	0	0	0	0	1	0	0	0	0
mmu-mir-7036a-3p	0	0	0	0	1	0	0	0	0	0	0	0
mmu-mir-1931-5p	0	1	0	0	0	0	0	0	0	0	0	0
mmu-mir-6910-3p	0	0	0	0	0	0	0	0	0	0	1	0
mmu-mir-6918-3p	0	0	0	0	0	1	0	0	0	0	0	0
mmu-mir-297a-2-5p	0	0	0	0	1	0	0	0	0	0	0	0
mmu-mir-711-5p	0	0	0	0	0	0	0	0	1	0	0	0
mmu-mir-5108-3p	0	1	0	1	0	1	0	0	1	0	0	0
mmu-mir-218-1-3p	1	0	0	0	0	0	1	0	0	1	1	0
mmu-mir-6964-5p	0	0	0	0	0	0	1	0	0	0	0	0
mmu-mir-7659-3p	0	0	0	0	0	0	0	0	0	0	1	1
mmu-mir-5135-3p	0	0	0	0	0	0	1	0	0	0	0	0
mmu-mir-7054-3p	0	0	0	0	1	1	1	1	0	0	0	0
mmu-mir-7117-3p	0	0	0	0	0	0	1	0	0	0	0	0
mmu-mir-3101-3p	0	1	0	0	0	0	0	0	0	0	0	0
mmu-mir-6345-5p	0	0	0	0	0	1	0	0	0	0	0	0
mmu-mir-449b-3p	0	0	0	0	0	0	0	0	0	1	0	0
mmu-mir-5124a-3p	0	0	0	0	0	1	0	0	0	0	0	1
mmu-mir-5131-3p	0	0	0	0	0	0	0	0	0	0	1	0
mmu-mir-6402-3p	0	0	0	0	0	0	0	0	1	0	0	0
mmu-mir-124-1-3p	0	0	0	0	1	0	0	0	0	0	0	0
mmu-mir-343-3p	0	0	0	0	0	0	0	0	1	0	0	0
mmu-mir-8102-5p	0	0	0	0	0	0	0	0	1	1	0	0
mmu-let-7j-5p	0	0	1	0	0	1	0	0	1	1	0	0
mmu-mir-7032-3p	0	0	0	0	0	0	0	0	0	1	0	0
mmu-mir-7038-3p	0	0	0	0	0	0	0	0	0	1	0	0
mmu-mir-6906-3p	0	0	0	0	0	0	0	0	1	0	0	0
mmu-mir-6412-5p	1	0	0	0	0	0	1	1	0	0	0	0
mmu-mir-192-3p	0	0	0	0	0	0	1	0	0	0	0	1
mmu-mir-8111-3p	0	0	0	0	0	0	0	0	1	0	0	0
mmu-mir-5116-5p	0	1	0	0	0	0	0	0	0	0	0	0
mmu-mir-6917-3p	1	0	0	0	0	0	0	0	0	0	0	0
mmu-mir-6897-3p	0	0	0	0	1	0	0	0	0	1	0	0
mmu-mir-142b-3p	0	0	0	1	0	0	0	0	0	0	0	0
mmu-mir-6363-5p	1	0	0	0	0	0	0	0	0	0	0	0
mmu-mir-7226-5p	0	0	0	0	1	1	0	0	0	0	0	0
mmu-mir-5135-5p	0	0	0	0	0	0	1	0	0	0	0	1
mmu-mir-6936-3p	0	0	0	0	0	0	0	0	0	1	0	0
mmu-mir-8100-5p	0	0	0	0	0	0	0	0	0	0	1	0
mmu-mir-767-5p	0	0	1	0	0	0	0	0	0	0	1	0
mmu-mir-190b-3p	0	0	0	1	0	0	0	0	0	1	0	0
mmu-mir-467h-5p	0	0	0	0	0	1	0	1	0	0	0	0
mmu-mir-7067-5p	0	1	0	0	0	0	0	0	0	0	0	0
mmu-mir-7028-5p	0	0	0	0	0	1	0	0	0	0	0	1
mmu-mir-8091-5p	0	0	0	0	0	0	1	1	0	0	0	0
mmu-mir-5709-5p	0	0	0	0	0	0	0	1	1	1	0	0
mmu-mir-8115-5p	0	0	0	0	0	0	0	0	0	1	0	0
mmu-mir-7012-5p	0	0	0	1	0	0	1	0	0	0	0	0
mmu-mir-7674-5p	0	0	0	0	0	0	0	0	0	1	1	0
mmu-mir-6947-5p	1	1	0	0	0	0	1	0	0	0	1	0
mmu-mir-6981-3p	0	1	0	0	0	0	0	0	0	1	0	1
mmu-mir-7022-5p	0	0	0	0	0	0	0	1	0	0	0	0
mmu-mir-7005-3p	0	0	0	0	0	0	0	1	0	0	0	0
mmu-mir-7020-5p	0	1	0	0	0	0	0	0	0	0	0	0
mmu-mir-6340-3p	0	0	1	0	0	0	0	0	0	0	0	0
mmu-mir-1191b-3p	0	0	0	0	1	0	0	1	0	0	0	1
mmu-mir-7042-3p	1	0	0	0	0	0	0	0	1	0	0	1
mmu-mir-7082-3p	0	0	0	0	0	0	0	0	0	0	0	1
mmu-mir-5626-5p	0	0	0	0	0	0	0	0	0	0	0	1
mmu-mir-7016-3p	0	0	0	0	0	0	0	0	1	1	0	0
mmu-mir-6978-3p	0	1	0	0	0	0	0	0	0	0	0	0
mmu-mir-1224-3p	0	0	0	1	1	0	0	0	0	0	1	0
mmu-mir-1962-5p	0	0	0	0	0	0	0	0	0	0	0	1
mmu-mir-3058-5p	1	1	0	0	0	0	0	0	1	1	0	1
mmu-mir-6896-3p	0	0	0	0	0	0	0	0	0	0	1	0
mmu-mir-669a-1-3p	0	0	0	0	1	0	0	0	0	0	0	0
mmu-mir-5107-5p	0	0	0	0	0	0	0	0	0	0	0	1
mmu-mir-6913-5p	1	1	0	0	0	0	0	1	0	0	0	0
mmu-mir-6959-3p	1	0	0	0	0	0	1	0	1	0	0	0
mmu-mir-7071-5p	0	0	0	0	0	0	1	1	0	0	0	0
mmu-mir-6991-3p	0	1	0	0	0	1	0	0	0	0	0	0
mmu-mir-7675-5p	0	0	0	0	0	0	0	0	0	1	0	0
mmu-mir-7663-3p	1	0	0	0	0	0	1	0	1	1	0	0
mmu-mir-7222-3p	0	0	0	0	0	1	0	0	0	0	0	0
mmu-mir-8092-3p	0	1	0	1	0	0	1	0	0	0	0	0
mmu-mir-713-3p	0	0	0	0	0	1	0	0	0	0	0	0
mmu-mir-7670-3p	0	0	0	0	1	0	0	1	0	0	0	0
mmu-mir-669d-5p	1	0	0	0	0	0	0	0	1	0	0	0
mmu-mir-7002-5p	0	0	0	0	0	0	1	1	0	0	0	1
mmu-mir-2861-3p	0	0	0	0	0	1	0	0	0	0	0	0
mmu-mir-137-3p	0	0	0	0	0	1	0	0	0	0	1	1
mmu-mir-3097-5p	0	0	0	1	0	1	0	0	0	0	0	1
mmu-mir-1929-3p	0	0	0	0	0	0	0	0	0	0	0	1
mmu-mir-7119-3p	0	0	0	0	0	1	0	0	1	0	0	0
mmu-mir-6902-5p	0	0	0	0	1	0	0	0	1	0	0	0
mmu-mir-6975-5p	0	0	0	0	0	0	0	0	0	1	0	0
mmu-mir-683-2-3p	0	0	0	0	0	0	0	0	0	0	1	0
mmu-mir-7b-3p	0	0	0	0	0	0	1	0	0	0	0	0
mmu-mir-6963-5p	0	0	0	0	0	0	1	0	0	0	0	1
mmu-mir-7027-3p	1	0	0	0	0	1	0	0	0	1	0	0
mmu-mir-7243-3p	0	0	0	0	0	0	0	0	0	1	0	0
mmu-mir-7654-3p	0	0	0	0	0	0	1	0	0	0	1	0
mmu-mir-8105-5p	0	0	0	0	0	0	0	0	0	0	0	1
mmu-mir-3473g-5p	0	0	0	0	0	0	1	0	0	0	0	0
mmu-mir-133b-5p	0	0	0	1	0	0	0	0	0	0	0	0
mmu-mir-3960-3p	0	0	0	0	1	1	0	0	0	1	0	1
mmu-mir-297c-3p	0	0	0	0	0	0	0	1	0	0	0	0
mmu-mir-7687-3p	0	0	0	0	0	0	0	0	1	0	0	0
mmu-mir-6370-5p	0	0	0	0	0	0	0	0	1	0	0	0
mmu-mir-6962-5p	0	0	0	0	0	1	0	0	1	0	1	0
mmu-let-7g-3p	0	0	0	1	0	0	0	1	0	1	0	1
mmu-mir-190a-3p	0	0	1	0	1	0	0	0	0	0	0	1
mmu-mir-6362-5p	0	1	0	0	0	0	0	0	0	0	1	0
mmu-mir-194-1-3p	0	0	0	0	0	0	1	1	0	0	0	0
mmu-mir-6954-3p	0	1	0	0	0	0	1	0	0	1	0	0
mmu-mir-3106-3p	0	0	0	0	0	0	0	0	0	0	1	0
mmu-mir-3618-3p	0	0	1	1	0	0	0	1	0	0	0	0
mmu-mir-1982-5p	0	0	0	0	0	0	0	0	0	0	1	0
mmu-mir-6954-5p	0	0	0	0	0	1	0	1	0	0	0	1
mmu-mir-680-2-5p	0	0	0	0	0	0	0	0	0	0	0	1
mmu-mir-760-5p	0	0	1	1	0	1	1	0	1	0	1	0
mmu-mir-6909-5p	1	0	1	0	0	0	0	0	0	0	0	0
mmu-mir-7037-3p	1	0	0	0	0	0	0	0	0	0	0	0
mmu-mir-1928-3p	0	1	0	0	0	0	0	0	0	0	0	0
mmu-mir-804-5p	0	0	0	1	0	0	0	0	0	0	0	0
mmu-mir-7664-3p	1	0	0	0	0	0	0	0	0	0	1	1
mmu-mir-7090-5p	0	0	0	0	0	0	0	0	0	0	0	1
mmu-mir-374b-5p	0	1	0	0	0	0	0	0	0	0	1	0
mmu-mir-7041-5p	0	0	0	0	0	0	0	1	0	1	0	0
mmu-mir-7661-5p	0	0	0	0	0	0	0	0	0	0	0	1
mmu-mir-6939-3p	1	0	0	0	0	0	0	0	0	0	0	0
mmu-mir-5616-5p	0	0	1	0	0	0	1	1	1	0	0	1
mmu-mir-879-3p	0	0	0	0	0	0	0	0	0	0	1	0
mmu-mir-551b-3p	0	0	0	0	0	0	0	0	0	0	1	0
mmu-mir-686-5p	0	0	0	0	1	0	0	0	0	0	0	0
mmu-mir-1264-5p	0	1	0	0	0	0	0	1	0	1	1	1
mmu-mir-6388-3p	0	0	0	0	1	0	0	1	1	1	0	0
mmu-mir-6907-5p	1	1	0	0	0	0	0	0	1	0	0	0
mmu-mir-202-5p	0	0	0	0	0	1	0	1	1	0	1	0
mmu-mir-8098-5p	0	0	0	0	1	0	0	0	0	0	0	0
mmu-mir-3075-5p	0	0	0	0	0	0	0	0	0	0	1	0
mmu-mir-7046-5p	1	1	0	0	0	0	0	1	0	0	0	0
mmu-mir-1197-5p	0	1	0	1	0	0	1	0	1	0	0	1
mmu-mir-6963-3p	0	0	1	0	0	1	0	0	0	0	0	1
mmu-mir-7647-5p	0	0	0	1	0	0	0	0	0	1	0	0
mmu-mir-8101-5p	0	0	0	0	1	0	1	0	0	0	0	0
mmu-mir-3962-3p	0	0	1	0	0	0	1	0	1	1	0	0
mmu-mir-204-3p	0	0	0	0	0	0	0	0	1	0	0	0
mmu-mir-5624-3p	0	0	0	0	0	0	0	0	0	0	1	0
mmu-mir-6971-5p	0	1	0	0	0	0	0	0	0	0	0	0
mmu-mir-7013-5p	1	0	0	0	0	0	1	0	0	0	0	0
mmu-mir-7067-3p	1	1	0	1	0	0	0	0	1	0	0	0
mmu-mir-5627-3p	0	0	0	0	0	0	0	0	0	0	1	0
mmu-mir-7230-5p	0	1	1	0	0	0	0	0	0	0	1	0
mmu-mir-196b-3p	0	0	0	0	1	0	1	1	0	0	0	0
mmu-mir-130c-3p	0	0	0	0	0	0	0	0	0	0	0	1
mmu-mir-6769b-3p	1	0	0	0	0	0	0	0	0	1	0	0
mmu-mir-3063-5p	0	0	1	0	1	1	0	1	0	1	1	1
mmu-mir-6993-3p	0	0	0	0	0	0	0	0	0	0	0	1
mmu-mir-7211-3p	0	0	0	0	1	0	0	0	0	1	0	0
mmu-mir-6951-3p	0	0	0	0	0	0	1	0	0	0	0	0
mmu-mir-292b-5p	0	0	0	0	0	1	0	0	0	0	0	0
mmu-mir-3552-5p	0	1	0	0	0	0	1	0	0	0	0	1
mmu-mir-1907-3p	0	0	0	0	1	0	0	0	0	0	0	0
mmu-mir-3094-5p	1	0	0	0	0	0	0	0	0	0	0	0
mmu-mir-3105-5p	0	0	0	0	0	0	0	0	0	0	0	1
mmu-mir-6999-3p	0	0	0	0	0	1	0	0	0	0	0	0
mmu-let-7c-1-3p	0	0	0	0	0	0	0	0	1	0	0	0
mmu-mir-6360-5p	1	0	0	0	0	0	0	0	0	0	0	0
mmu-mir-3970-5p	1	0	0	1	1	1	0	1	0	0	0	0
mmu-mir-7242-3p	0	0	0	0	0	0	0	1	0	0	0	0
mmu-mir-5104-3p	0	1	1	1	0	0	0	0	0	1	1	0
mmu-mir-8101-3p	1	0	0	0	0	0	0	0	0	0	0	0
mmu-mir-5120-5p	0	0	0	0	0	0	0	0	0	0	0	1
mmu-mir-6360-3p	0	0	0	0	0	0	0	0	0	0	0	1
mmu-mir-7068-5p	0	0	0	0	1	0	0	1	1	0	1	0
mmu-mir-9-1-3p	0	0	0	0	0	0	1	0	0	0	0	0
mmu-mir-881-5p	0	0	0	0	0	0	1	1	0	0	0	0
mmu-mir-7000-3p	0	1	0	0	0	0	0	0	0	1	0	1
mmu-mir-6969-3p	0	0	1	0	0	1	0	0	0	0	0	0
mmu-mir-6958-5p	0	0	0	0	1	0	0	0	0	0	0	0
mmu-mir-3471-2-5p	0	1	0	0	1	0	1	0	0	0	0	1
mmu-mir-7044-5p	0	1	0	1	1	0	0	0	0	0	0	0
mmu-mir-6911-5p	0	0	0	0	0	0	0	0	1	0	0	1
mmu-mir-544-5p	0	1	0	0	0	1	0	0	0	0	1	1
mmu-mir-6394-3p	0	0	0	0	0	0	0	0	0	1	0	0
mmu-mir-7672-5p	0	0	0	0	0	0	1	0	0	0	0	0
mmu-mir-6992-3p	0	0	0	0	0	0	0	0	0	0	1	1
mmu-mir-7016-5p	1	0	0	0	1	0	0	0	0	0	0	0
mmu-mir-1928-5p	0	0	0	0	0	0	0	0	1	0	0	0
mmu-mir-7063-3p	0	0	0	0	1	1	0	0	0	0	1	1
mmu-mir-6367-5p	0	0	0	0	0	0	0	0	1	0	0	1
mmu-mir-7008-5p	0	0	0	0	0	0	1	0	0	0	0	0
mmu-mir-7020-3p	0	0	0	0	0	0	1	0	0	0	0	0
mmu-mir-3473c-3p	0	0	0	0	1	0	1	0	0	0	1	0
mmu-mir-99a-3p	0	0	0	0	0	0	0	0	0	0	0	1
mmu-mir-3085-5p	1	0	0	0	0	0	0	0	0	0	1	0
mmu-mir-6942-3p	0	0	0	0	0	0	0	0	1	0	0	0
mmu-mir-6986-3p	1	0	0	0	0	0	0	1	0	1	0	0
mmu-mir-7214-5p	0	0	0	0	0	0	0	0	0	0	0	1
mmu-mir-3473a-5p	0	0	0	0	0	1	0	0	0	0	0	0
mmu-mir-344e-3p	0	0	0	0	0	0	0	1	0	0	0	0
mmu-mir-3062-3p	0	0	0	0	0	0	0	0	0	0	1	0
mmu-mir-6915-3p	1	0	0	0	1	0	0	0	0	0	0	0
mmu-mir-7654-5p	1	0	0	0	1	0	0	0	0	1	0	0
mmu-mir-6952-5p	0	0	0	0	0	0	0	0	0	1	1	0
mmu-mir-7222-5p	0	0	0	0	0	0	0	0	1	0	0	0
mmu-mir-6973b-3p	0	0	0	0	0	0	0	0	1	0	0	0
mmu-mir-3079-3p	0	0	1	0	0	0	0	0	1	0	1	0
mmu-mir-6406-3p	0	0	1	0	0	0	0	0	0	0	0	0
mmu-mir-7239-3p	0	1	0	0	0	0	0	0	0	0	1	0
mmu-mir-8090-3p	0	0	0	0	0	0	0	0	0	1	0	1
mmu-mir-6925-5p	0	0	1	1	0	0	0	0	0	0	0	0
mmu-mir-7647-3p	0	1	0	0	0	1	0	0	0	1	0	0
mmu-mir-8098-3p	0	0	0	1	0	0	0	0	0	0	0	0
mmu-mir-137-5p	0	0	0	0	0	0	0	1	0	0	0	0
mmu-mir-6927-3p	0	1	0	0	0	0	0	0	0	0	0	0
mmu-mir-7666-5p	0	0	0	0	0	0	0	1	0	0	0	0
mmu-mir-497b-3p	0	0	1	0	0	0	0	0	0	0	0	0
mmu-mir-6970-3p	0	0	0	0	0	1	0	0	0	0	1	0
mmu-mir-30f-5p	0	0	0	1	0	1	0	1	0	0	0	0
mmu-mir-5101-3p	0	0	0	0	0	0	1	0	0	0	0	0
mmu-mir-705-5p	0	0	1	0	0	0	0	0	0	0	0	0
mmu-mir-7061-5p	0	0	0	0	0	1	0	0	0	0	1	0
mmu-mir-6358-3p	1	0	0	0	0	0	0	0	1	0	0	0
mmu-mir-5121-5p	0	0	0	0	0	0	0	0	1	0	0	0
mmu-mir-7081-3p	0	1	0	1	0	0	1	1	0	0	0	0
mmu-mir-5106-5p	0	0	0	0	0	0	0	0	1	0	0	0
mmu-mir-7235-3p	0	0	1	0	0	0	0	0	1	1	1	0
mmu-mir-5133-5p	0	1	1	0	0	0	1	0	0	0	0	0
mmu-mir-7030-5p	0	0	0	0	0	0	0	0	0	0	1	0
mmu-mir-6941-5p	0	0	0	0	0	0	1	0	0	0	0	0
mmu-mir-669k-5p	1	1	0	0	0	0	0	0	0	0	1	1
mmu-mir-6980-3p	0	0	0	0	0	0	0	0	1	0	1	0
mmu-mir-3057-3p	1	1	0	1	0	0	0	0	1	1	0	0
mmu-mir-7649-5p	0	0	0	0	0	0	1	1	0	0	1	0
mmu-mir-7035-3p	0	0	1	0	0	0	0	0	0	0	0	0
mmu-mir-203-5p	0	1	1	0	1	0	0	0	0	0	0	0
mmu-mir-3572-3p	0	1	1	1	0	1	1	1	0	1	1	1
mmu-mir-8119-3p	0	0	0	0	0	0	0	0	0	1	0	0
mmu-mir-3088-3p	0	0	0	0	1	1	0	0	0	1	0	1
mmu-mir-6404-3p	0	0	1	0	0	0	0	0	0	0	0	0
mmu-mir-7229-3p	0	0	0	0	1	0	0	0	0	0	0	0
mmu-mir-201-5p	1	1	0	0	0	0	0	0	0	0	0	0
mmu-mir-7009-3p	0	0	0	0	0	0	1	0	0	0	0	0
mmu-mir-7062-5p	1	0	0	0	0	0	0	0	1	0	0	0
mmu-mir-882-5p	0	0	0	0	0	0	0	1	0	0	0	0
mmu-mir-488-5p	0	0	1	0	0	0	1	1	0	0	0	0
mmu-mir-8113-3p	0	0	0	0	0	1	0	0	0	0	0	0
mmu-mir-7013-3p	0	0	0	0	0	0	0	0	0	0	0	1
mmu-mir-3090-5p	0	0	0	0	0	0	0	0	0	0	0	1
mmu-mir-290b-5p	0	0	0	0	0	1	0	0	0	0	0	0
mmu-mir-5619-3p	1	0	0	0	0	0	0	0	0	0	0	0
mmu-mir-804-3p	0	0	0	0	0	0	0	0	0	0	1	0
mmu-mir-5124b-5p	0	0	0	0	0	0	0	0	0	0	0	1
mmu-mir-101a-5p	0	0	1	0	0	1	0	0	0	0	1	0
mmu-let-7f-1-3p	0	1	0	0	1	0	0	0	1	1	0	0
mmu-mir-7066-3p	0	0	0	0	0	1	0	0	0	0	0	0
mmu-mir-764-5p	0	0	0	0	0	1	0	0	0	0	0	1
mmu-mir-211-3p	1	0	0	0	0	0	0	0	0	0	0	0
mmu-mir-6922-5p	0	0	0	0	0	0	0	0	0	1	1	1
mmu-mir-682-5p	0	0	1	0	1	0	0	0	1	0	1	0
mmu-mir-669k-3p	0	0	0	0	1	0	0	1	0	0	1	0
mmu-mir-208b-5p	0	0	1	0	0	0	0	0	0	0	0	0
mmu-mir-7017-3p	0	0	1	1	0	0	0	0	0	0	0	0
mmu-mir-7220-5p	0	0	0	0	0	0	0	0	0	0	0	1
totaldepth	1348840	1352107	975708	974589	1065686	1068025	1567482	1571379	1301221	1309116	2018712	2022389
