	new2/zfish_del11.lane.clean.processed.fa.gz	new2/zfish_del12.lane.clean.processed.fa.gz	new2/zfish_del21.lane.clean.processed.fa.gz	new2/zfish_del22.lane.clean.processed.fa.gz	new2/zfish_wt11.lane.clean.processed.fa.gz	new2/zfish_wt12.lane.clean.processed.fa.gz	new2/zfish_wt21.lane.clean.processed.fa.gz	new2/zfish_wt22.lane.clean.processed.fa.gz
dre-mir-10b-2-5p	970186	974186	217275	218376	307443	308865	245113	245291
dre-mir-206-2-3p	813998	818611	161773	161398	215781	214729	170550	171169
dre-mir-10a-5p	464369	464293	107534	107304	143964	143871	131231	131653
dre-mir-430a-15-3p	435299	435791	180324	180311	149389	148992	124881	125383
dre-mir-203b-3p	360148	360848	74404	74075	116204	116194	81462	81575
dre-mir-203a-3p	276424	275916	53360	52628	85574	85157	60617	61292
dre-mir-200b-3p	269047	267653	63370	62758	89303	88009	68878	68743
dre-mir-92a-1-3p	234269	236869	62929	62994	65951	66487	65786	66580
dre-mir-20a-5p	223567	224167	61525	61157	77859	77345	49038	48807
dre-mir-22a-3p	223760	223947	53637	54043	63570	63979	65945	66019
dre-mir-1-2-3p	200304	201042	26248	26076	61459	60856	61632	61952
dre-mir-21-2-5p	191240	190945	56016	56064	83148	82868	56167	56768
dre-mir-10d-5p	176111	177816	43820	43669	59363	59412	55613	55781
dre-mir-10c-5p	171570	171309	42994	42709	54500	54267	49525	49043
dre-mir-9-6-5p	137938	137890	23192	23194	40674	40882	35693	35960
dre-mir-184-1-3p	131891	131390	29703	29619	40272	39920	33829	33951
dre-mir-100-2-5p	125628	126230	24491	24137	35714	35128	38892	38651
dre-mir-430b-13-3p	108878	107935	41331	41368	39394	39581	29917	29808
dre-mir-25-3p	99099	98839	22810	22596	33560	33201	22973	22737
dre-mir-363-3p	93186	92638	22953	23286	33190	33498	27279	27107
dre-mir-30c-5p	83547	83355	18180	18105	27043	26981	21392	21583
dre-mir-222a-3p	74742	74855	17276	17113	19646	19664	16602	16497
dre-mir-30d-5p	69576	69275	13740	13815	20476	20610	18902	18704
dre-mir-725-1-3p	68134	68094	16017	16196	18813	18938	18074	18416
dre-mir-17a-2-5p	65744	65836	22583	22274	24604	24340	17158	17049
dre-mir-219-2-3p	64452	64623	14738	14722	20336	19990	14711	14582
dre-mir-27b-3p	62536	62545	17374	17171	22929	22608	20093	19964
dre-mir-182-5p	55661	55610	9785	9682	18129	18246	11825	11846
dre-mir-183-5p	52431	52469	10489	10290	14924	14913	14405	14552
dre-mir-221-3p	51446	51419	14909	14670	15728	15912	13263	13603
dre-mir-430b-13-5p	49764	49699	16306	16049	14453	14477	14629	14554
dre-mir-7b-5p	47045	46711	13329	13198	12155	12054	14400	14420
dre-mir-141-3p	45593	45442	9148	9023	14096	14393	10728	11024
dre-mir-126a-3p	42651	42753	9582	9491	13784	13883	10453	10368
dre-mir-128-1-3p	40516	40584	6990	7037	10722	10789	8301	8379
dre-mir-205-5p	40098	39926	10216	10143	13457	13314	10981	11203
dre-mir-199-2-5p	39317	39767	10839	10996	14496	14509	14566	14424
dre-mir-26a-2-5p	39518	39599	10815	10795	11931	11955	12036	12079
dre-mir-454b-3p	38250	37981	8599	8844	13203	13483	10726	10758
dre-mir-152-3p	37629	37660	12049	12059	11045	11182	14270	14302
dre-mir-20b-5p	37310	37344	11045	11059	13765	14070	9471	9396
dre-mir-200a-3p	36714	36975	12291	12209	13930	13662	10899	10889
dre-mir-199-2-3p	36687	36845	8822	8567	13092	13036	9754	9938
dre-mir-148-3p	33642	33454	11100	11331	10124	9971	11518	11681
dre-mir-200a-5p	33344	33229	7185	7119	11188	11339	8140	8237
dre-mir-92b-3p	33028	33111	8208	8370	11082	11062	8575	8505
dre-mir-222a-5p	32738	32838	9352	9290	10956	10768	7287	7654
dre-mir-30e-2-3p	29205	28843	5044	5326	8700	8692	6538	6696
dre-mir-7a-1-5p	26935	26691	3924	3987	7179	7197	7491	7639
dre-mir-18c-5p	26669	26438	7541	7586	9137	9009	6953	7067
dre-mir-93-5p	25077	25271	7119	7072	9372	9403	5318	5174
dre-mir-143-1-3p	25188	25074	4937	4787	7133	7158	8032	8051
dre-mir-130b-5p	24139	24240	4590	4517	6285	6433	6171	6287
dre-mir-181a-2-3p	19779	19912	4020	3925	6949	7034	4336	4145
dre-mir-204-2-5p	18356	18115	3389	3343	5851	5941	5132	5114
dre-mir-200c-3p	18267	18325	4491	4281	6196	6163	5108	5073
dre-mir-206-1-3p	18012	18190	3859	3916	4829	4884	5352	5337
dre-mir-218a-2-5p	17903	17816	5114	5105	6642	6836	5799	5793
dre-mir-99-2-5p	17562	17453	2993	3041	6607	6699	5223	5129
dre-mir-430c-5-3p	16736	16624	7628	7521	5953	5883	3500	3623
dre-mir-140-3p	16230	16531	5863	5921	5350	5231	7014	7033
dre-mir-216b-5p	15229	14962	3712	3685	5368	5301	5904	5775
dre-mir-217-5p	14899	14789	3121	3228	5262	5178	4892	4916
dre-mir-429a-3p	14387	13961	4515	4394	5490	5647	3534	3547
dre-mir-196b-5p	14024	13937	4424	4329	4551	4619	3471	3404
dre-mir-135b-5p	13749	13754	2966	2897	4074	4008	2886	2800
dre-mir-92a-1-5p	13433	13595	3137	3249	4661	4564	3361	3233
dre-mir-144-5p	13285	13198	1897	1875	4278	4226	2222	2325
dre-mir-181a-1-3p	13182	13014	3376	3432	4476	4510	3306	3291
dre-mir-196a-1-5p	12994	12965	3897	3975	4412	4291	3265	3143
dre-mir-146a-5p	12333	12495	1972	2001	5690	5612	4502	4519
dre-mir-30e-2-5p	12158	12032	3732	3675	3926	4018	3742	3732
dre-mir-133a-2-3p	11923	11929	2924	2841	3492	3631	3893	3939
dre-mir-301b-5p	11441	11110	2958	2940	3152	3122	2203	2190
dre-mir-9-4-3p	9311	9314	1094	1139	3186	3253	3236	3258
dre-mir-16c-5p	8940	9138	3011	2945	3435	3395	2453	2488
dre-mir-301c-5p	8845	9029	2191	2169	2618	2716	1888	1875
dre-mir-10a-3p	8877	8879	2199	2269	2728	2785	2740	2820
dre-mir-192-5p	8552	8710	2009	1994	3125	3041	2098	2271
dre-mir-375-1-3p	8358	8377	1230	1204	2466	2492	1935	1868
dre-mir-103-3p	8117	8327	2128	2192	2857	2946	2196	2275
dre-mir-181b-2-5p	8301	8263	2236	2118	3018	2988	2178	2248
dre-mir-19b-3p	8215	8026	2913	3073	2932	2969	2371	2356
dre-mir-181a-2-5p	7787	8036	2090	2112	3013	2837	2700	2677
dre-mir-456-3p	8005	7936	2152	2204	2552	2484	2176	2175
dre-mir-221-5p	7812	7879	2447	2460	2343	2311	2024	1986
dre-mir-10b-1-5p	7515	7632	1699	1682	2302	2262	1686	1656
dre-mir-19d-3p	6680	6777	2542	2600	2259	2327	1928	1782
dre-mir-21-1-5p	6512	6537	1539	1450	2630	2496	1602	1568
dre-mir-219-3-3p	5893	6053	1483	1423	2066	2004	1536	1582
dre-mir-124-2-5p	5997	5914	1642	1540	2041	2030	1339	1262
dre-mir-16b-5p	5924	5980	1756	1754	2116	2144	1701	1623
dre-mir-133a-2-5p	5948	5892	1234	1214	2247	2173	1624	1460
dre-mir-16c-3p	5904	5852	1342	1372	1835	1852	1391	1360
dre-mir-2189-3p	5607	5788	676	659	3880	3790	580	590
dre-mir-30a-5p	5706	5648	1809	1819	2365	2295	2438	2508
dre-mir-7a-3-5p	5569	5459	1036	1056	1309	1235	1678	1698
dre-mir-135b-3p	5391	5343	1462	1500	1838	1835	1280	1266
dre-mir-17a-1-3p	4917	4980	1632	1550	1976	2015	1318	1347
dre-mir-100-2-3p	4882	4970	1089	1119	1860	1892	1255	1260
dre-mir-458-3p	4829	4916	963	987	1522	1484	1463	1372
dre-mir-722-3p	4896	4896	790	764	1483	1524	948	942
dre-mir-181c-5p	4671	4885	1120	1202	1568	1653	1428	1513
dre-mir-96-5p	4848	4810	1307	1296	1874	1864	1186	1188
dre-mir-499-5p	4806	4710	1160	1111	1406	1413	1524	1516
dre-mir-363-5p	4659	4748	1053	1094	1314	1361	843	834
dre-mir-454a-3p	4595	4509	1151	1136	1614	1500	1132	1078
dre-mir-30d-3p	4587	4584	1058	1011	1479	1444	1071	1055
dre-let-7g-1-5p	4566	4393	816	878	1290	1306	825	818
dre-mir-140-5p	4265	4301	1199	1243	1398	1439	1374	1285
dre-mir-19c-3p	4255	4214	1641	1648	1735	1640	1205	1270
dre-mir-26a-1-3p	3955	4084	827	864	1433	1332	793	794
dre-mir-24-1-3p	4001	3930	1006	1038	1481	1529	1249	1218
dre-mir-196c-5p	3849	3855	1025	1060	1211	1223	709	704
dre-mir-7146-5p	3756	3765	1674	1571	1592	1533	1134	1131
dre-mir-9-6-3p	3639	3705	1022	1013	1425	1489	1140	1052
dre-mir-430a-15-5p	3686	3693	1435	1395	1145	1193	1380	1379
dre-mir-153b-3p	3547	3621	1223	1190	1435	1452	1610	1554
dre-mir-146b-5p	3296	3283	481	491	1605	1626	747	665
dre-let-7a-5-5p	3028	3096	564	616	978	943	634	710
dre-mir-23b-3p	3093	2954	858	871	1139	1077	997	991
dre-mir-206-2-5p	3005	2921	803	810	1044	967	665	671
dre-mir-139-5p	2983	2964	623	629	1064	1014	1013	985
dre-mir-30b-5p	2932	2916	942	894	1033	1026	708	722
dre-mir-193b-5p	2852	2904	641	613	934	992	661	689
dre-mir-125b-3-5p	2878	2838	671	695	940	959	1104	1132
dre-mir-19a-3p	2828	2801	1038	1075	999	976	822	867
dre-mir-27a-5p	2728	2721	691	676	1074	1114	613	610
dre-mir-130c-1-5p	2680	2719	743	680	839	830	646	688
dre-mir-30a-3p	2581	2573	565	539	866	835	686	632
dre-mir-9-7-3p	2524	2501	425	417	933	855	1242	1292
dre-mir-133b-3p	2473	2428	807	835	779	790	604	592
dre-mir-125b-1-3p	2434	2462	411	392	721	706	518	507
dre-mir-2188-3p	2385	2450	392	364	973	959	596	598
dre-mir-735-5p	2432	2448	491	474	699	680	632	612
dre-mir-27c-2-3p	2276	2377	658	597	859	839	729	746
dre-mir-15c-5p	2279	2317	587	588	832	818	551	555
dre-mir-206-1-5p	2130	2261	750	729	818	785	573	552
dre-let-7e-5p	2253	2249	202	192	856	846	259	252
dre-mir-16a-3p	2171	2130	422	405	612	653	520	511
dre-mir-430a-8-5p	2090	1999	1644	1563	670	666	946	948
dre-mir-199-3-3p	2048	2005	542	502	674	662	767	747
dre-mir-18a-5p	1978	2030	762	659	730	753	624	567
dre-mir-26b-5p	1890	2029	578	567	657	765	619	601
dre-mir-196d-5p	2029	2026	558	585	644	644	483	513
dre-mir-130b-3p	1966	1891	611	671	632	690	563	585
dre-mir-223-3p	1885	1946	425	470	675	652	544	552
dre-mir-30c-3p	1918	1939	490	470	713	692	619	597
dre-mir-196a-1-3p	1884	1913	553	591	658	676	494	534
dre-let-7i-5p	1843	1872	418	403	491	498	412	394
dre-mir-101a-3p	1841	1870	654	663	739	793	855	804
dre-mir-16a-5p	1751	1724	576	635	616	607	450	433
dre-mir-10b-2-3p	1735	1606	559	510	610	575	485	426
dre-mir-10d-3p	1666	1716	338	321	508	448	441	412
dre-mir-15b-3p	1703	1692	530	512	616	588	405	401
dre-mir-724-5p	1700	1574	253	261	375	422	462	507
dre-mir-126b-3p	1637	1693	516	536	628	634	484	498
dre-mir-129-2-5p	1630	1678	199	191	436	404	474	446
dre-mir-203b-5p	1652	1668	515	493	667	616	349	346
dre-mir-125a-2-5p	1638	1654	291	302	478	451	659	721
dre-mir-725-1-5p	1619	1627	337	315	493	463	431	389
dre-mir-133c-3p	1623	1580	372	410	476	518	262	272
dre-mir-124-6-5p	1549	1611	384	372	436	491	374	323
dre-mir-219-3-5p	1581	1605	648	556	686	618	439	403
dre-mir-145-3p	1602	1570	249	284	423	416	394	392
dre-mir-214-3p	1540	1558	450	476	529	525	602	651
dre-mir-430c-5-5p	1403	1333	557	527	503	565	368	342
dre-mir-128-1-5p	1272	1354	291	298	394	413	396	360
dre-mir-10c-3p	1297	1345	385	358	423	428	335	351
dre-mir-92b-5p	1248	1214	418	399	342	360	307	323
dre-mir-23a-1-3p	1246	1238	242	257	405	416	358	362
dre-mir-194a-5p	1238	1239	410	392	443	444	331	338
dre-mir-125c-3p	1230	1190	204	212	394	395	304	340
dre-mir-27c-2-5p	1185	1116	345	334	363	347	291	292
dre-mir-148-5p	1094	1166	368	400	386	388	389	358
dre-mir-25-5p	1136	1051	265	245	373	388	209	214
dre-mir-99-2-3p	781	817	102	114	1111	1101	151	144
dre-mir-133c-5p	1036	1061	281	283	325	350	209	204
dre-let-7c-2-5p	972	1055	165	178	315	337	256	263
dre-mir-27d-3p	1047	1052	235	193	259	280	293	264
dre-mir-10b-1-3p	1047	999	254	245	274	283	243	242
dre-mir-7b-3p	1012	1041	231	192	292	314	188	183
dre-mir-196b-3p	1023	1031	400	377	349	388	311	329
dre-mir-457a-5p	984	977	350	307	390	379	258	282
dre-mir-22a-5p	954	976	217	198	313	299	224	180
dre-mir-99-1-5p	920	973	203	219	280	295	312	291
dre-mir-200c-5p	972	937	152	161	310	317	179	191
dre-mir-135c-1-5p	927	970	205	199	266	278	209	249
dre-mir-196a-2-3p	922	955	296	279	301	309	250	258
dre-mir-101b-3p	937	921	466	496	413	395	309	322
dre-mir-20a-3p	848	899	309	296	338	315	185	220
dre-mir-181c-3p	879	876	206	176	363	327	239	231
dre-mir-92a-2-3p	870	868	259	303	308	328	190	200
dre-mir-181b-2-3p	869	863	205	202	305	296	218	191
dre-mir-219-1-3p	863	825	166	183	284	327	163	164
dre-mir-18a-3p	820	859	294	283	313	313	192	195
dre-mir-7148-5p	826	836	172	166	246	199	169	200
dre-mir-153b-5p	827	801	221	234	312	304	195	206
dre-mir-27e-3p	826	816	203	214	232	256	257	253
dre-mir-18c-3p	813	796	161	161	251	228	184	159
dre-mir-732-3p	769	812	94	86	284	259	191	177
dre-mir-301a-3p	777	774	268	269	202	241	252	259
dre-mir-30b-3p	764	768	191	182	218	252	215	228
dre-mir-122-5p	768	762	82	86	148	157	177	180
dre-mir-126b-5p	761	752	185	228	256	236	156	159
dre-mir-107a-3p	735	751	228	225	306	341	185	191
dre-let-7j-5p	734	710	120	111	205	220	135	144
dre-mir-22b-3p	722	716	188	190	191	207	226	203
dre-mir-125b-2-3p	707	708	167	165	209	199	171	152
dre-mir-210-5p	619	600	62	54	126	119	665	700
dre-mir-218b-5p	696	661	173	196	252	260	314	276
dre-mir-7146-3p	634	693	326	299	241	226	220	212
dre-mir-130a-3p	678	687	167	202	219	219	196	169
dre-mir-93-3p	656	642	183	185	223	216	153	127
dre-mir-125c-5p	615	651	125	143	196	223	235	231
dre-mir-34a-5p	651	629	164	156	332	282	145	139
dre-mir-1-1-3p	650	639	101	98	161	186	291	250
dre-mir-27b-5p	647	645	155	137	202	205	122	133
dre-mir-26a-3-5p	582	635	178	162	168	148	180	177
dre-mir-216a-3p	627	590	139	150	229	192	187	195
dre-mir-187-1-3p	590	568	74	85	204	175	156	186
dre-mir-219-2-5p	590	576	201	236	232	234	147	144
dre-mir-155-5p	587	558	154	178	281	277	173	170
dre-mir-15b-5p	550	585	178	162	175	152	169	166
dre-mir-19b-5p	566	530	168	170	202	222	141	114
dre-mir-27a-3p	553	514	165	185	203	202	155	150
dre-mir-130a-5p	534	487	100	113	129	157	118	115
dre-mir-107b-3p	489	526	125	138	149	136	92	89
dre-mir-182-3p	520	478	113	118	307	309	146	120
dre-mir-130c-1-3p	519	508	152	149	147	161	142	148
dre-mir-150-5p	450	482	191	148	153	136	146	164
dre-mir-454b-5p	465	475	165	166	180	166	116	144
dre-mir-200b-5p	446	475	106	90	156	148	113	125
dre-mir-31-5p	470	458	119	111	175	199	102	97
dre-mir-153c-3p	455	461	128	137	182	216	197	222
dre-mir-192-3p	420	457	110	130	147	170	98	107
dre-mir-451-5p	436	450	59	51	116	141	122	88
dre-mir-124-4-5p	428	412	95	88	132	161	131	132
dre-mir-137-3-5p	427	396	86	76	117	127	71	83
dre-mir-214-5p	420	386	103	91	160	148	122	127
dre-mir-223-5p	420	404	66	89	149	151	84	82
dre-mir-146a-3p	415	419	80	83	185	164	117	114
dre-mir-92a-2-5p	398	416	114	119	125	147	110	79
dre-mir-457b-3p	397	396	131	140	140	119	89	110
dre-mir-34a-3p	351	396	81	89	130	137	102	95
dre-mir-124-1-3p	390	356	123	124	135	151	113	138
dre-mir-457b-5p	383	387	157	145	168	173	115	101
dre-mir-429b-3p	366	376	105	96	149	133	127	94
dre-mir-20b-3p	369	375	141	126	139	140	89	101
dre-mir-455-2-5p	355	316	107	98	123	125	118	110
dre-mir-457a-3p	352	331	100	95	146	145	70	90
dre-mir-125a-1-3p	351	343	56	56	97	132	80	111
dre-mir-16b-3p	322	348	80	119	103	92	90	73
dre-mir-730-5p	343	348	105	100	101	102	65	54
dre-mir-205-3p	323	338	92	87	106	139	77	61
dre-mir-17a-2-3p	324	310	88	107	124	107	61	78
dre-mir-132-2-5p	322	269	37	33	63	77	88	87
dre-mir-184-1-5p	251	314	64	60	69	95	56	71
dre-mir-455-1-5p	269	304	126	124	151	150	151	153
dre-mir-738-5p	302	293	32	41	120	133	20	18
dre-mir-454a-5p	302	293	111	92	97	111	73	69
dre-mir-133b-5p	301	285	99	128	93	118	77	96
dre-let-7c-2-3p	294	295	30	25	123	100	44	42
dre-let-7a-1-3p	272	291	40	42	79	62	34	31
dre-mir-193b-3p	276	285	67	58	122	94	115	80
dre-mir-18b-5p	267	278	99	79	95	108	55	68
dre-mir-2185-3-5p	268	277	55	54	84	83	105	98
dre-mir-194a-3p	274	224	47	63	55	58	65	76
dre-mir-145-5p	266	258	42	57	69	66	64	57
dre-mir-216a-5p	251	264	84	57	109	90	113	85
dre-let-7f-5p	254	262	46	47	70	85	50	37
dre-mir-24-3-5p	260	232	72	82	105	118	72	67
dre-mir-338-1-5p	254	256	59	57	81	96	77	75
dre-mir-181b-1-3p	254	215	55	46	87	80	58	54
dre-mir-141-5p	248	222	55	61	74	84	45	66
dre-mir-26a-2-3p	232	240	57	66	75	80	74	63
dre-mir-19d-5p	237	217	52	56	73	90	61	47
dre-mir-733-5p	235	212	20	28	56	45	22	21
dre-mir-204-2-3p	225	234	61	71	78	71	75	69
dre-mir-153c-5p	230	206	66	39	79	65	47	51
dre-mir-23a-3-3p	228	221	68	54	66	53	62	67
dre-mir-455-2-3p	199	221	98	122	82	90	85	67
dre-mir-210-3p	146	148	26	26	38	40	216	221
dre-mir-139-3p	220	196	29	22	64	49	52	40
dre-mir-21-1-3p	205	216	187	185	157	134	60	57
dre-mir-365-3-3p	211	202	35	23	60	61	50	47
dre-mir-96-3p	207	196	55	57	62	65	37	44
dre-mir-142a-3p	204	198	39	49	69	53	40	62
dre-mir-301c-3p	202	199	97	71	81	82	74	68
dre-mir-23a-2-3p	190	173	43	38	49	85	57	61
dre-mir-462-5p	190	180	46	31	70	49	52	52
dre-mir-153a-3p	170	188	65	80	75	96	83	68
dre-mir-187-1-5p	151	187	26	21	53	64	38	37
dre-mir-489-3p	174	183	33	33	53	40	34	21
dre-mir-2188-5p	142	182	19	30	50	57	39	33
dre-mir-723-3p	158	178	27	39	67	55	58	67
dre-mir-19c-5p	177	162	56	48	73	64	35	42
dre-mir-737-5p	176	112	46	19	52	24	43	20
dre-mir-15a-2-5p	165	167	52	53	48	51	36	52
dre-mir-7145-3p	166	137	61	45	63	67	41	46
dre-mir-727-3p	156	163	39	27	48	30	54	57
dre-mir-137-3-3p	155	160	39	58	65	51	53	65
dre-mir-203a-5p	155	130	28	40	59	47	25	28
dre-mir-152-5p	152	153	51	44	51	54	53	43
dre-mir-740-3p	152	152	32	22	61	66	53	49
dre-mir-1-1-5p	126	140	32	26	57	47	26	28
dre-mir-735-3p	138	137	25	24	43	47	28	27
dre-mir-153a-5p	116	136	31	34	43	63	27	36
dre-mir-34b-5p	122	135	21	26	34	32	35	32
dre-mir-217-3p	118	132	33	27	41	46	26	15
dre-mir-34c-5p	131	127	18	12	43	38	26	23
dre-mir-1388-5p	116	128	19	22	39	48	23	39
dre-mir-18b-3p	96	128	36	37	38	46	21	20
dre-mir-138-5p	122	127	28	33	51	46	31	38
dre-mir-734-3p	125	120	13	19	36	35	23	40
dre-mir-726-3p	116	118	15	23	50	48	21	18
dre-mir-143-1-5p	114	100	32	33	34	32	42	37
dre-mir-727-5p	114	76	27	26	36	34	17	24
dre-mir-138-3p	112	87	24	24	21	24	28	27
dre-mir-212-5p	109	103	30	22	20	25	29	30
dre-let-7d-1-5p	96	109	14	17	31	36	36	40
dre-mir-26b-3p	69	107	25	20	35	25	26	25
dre-mir-301b-3p	101	102	43	44	42	51	41	40
dre-mir-100-1-3p	100	85	22	22	37	40	29	24
dre-mir-34c-3p	99	93	14	17	32	23	18	23
dre-mir-129-2-3p	90	97	19	21	23	24	13	11
dre-mir-301a-5p	81	97	36	34	26	26	17	21
dre-let-7a-2-3p	88	96	3	14	28	38	20	14
dre-mir-26a-3-3p	88	94	13	29	19	24	16	11
dre-mir-202-5p	85	88	18	9	39	47	52	57
dre-mir-194b-3p	84	82	13	7	12	17	16	22
dre-mir-101b-5p	83	77	39	37	25	31	30	33
dre-mir-338-2-5p	81	78	10	22	32	25	34	23
dre-mir-22b-5p	73	81	25	9	24	30	20	16
dre-mir-144-3p	79	66	13	15	25	35	17	12
dre-mir-737-3p	78	72	19	25	25	27	14	18
dre-mir-135a-5p	78	60	23	16	14	13	18	28
dre-mir-27d-5p	77	62	13	14	22	19	13	16
dre-mir-196d-3p	76	76	24	26	36	43	35	26
dre-mir-190b-5p	63	76	11	10	23	30	5	6
dre-mir-124-1-5p	70	76	15	19	25	17	19	13
dre-mir-199-1-5p	76	57	8	13	24	19	17	24
dre-mir-218a-1-5p	55	74	9	18	29	21	20	23
dre-mir-125b-3-3p	67	73	11	8	26	27	15	20
dre-mir-15c-3p	72	72	24	20	30	15	13	18
dre-mir-190a-5p	55	69	19	14	27	19	15	28
dre-mir-183-3p	68	59	10	13	21	16	20	16
dre-mir-730-3p	67	67	20	17	26	20	8	17
dre-let-7h-5p	58	67	8	19	16	16	17	14
dre-mir-729-3p	67	67	17	22	27	28	13	16
dre-mir-726-5p	65	55	11	15	25	24	16	9
dre-mir-1306-5p	64	62	18	25	34	31	20	27
dre-mir-128-2-5p	63	40	8	15	23	14	11	9
dre-mir-132-1-3p	61	46	8	18	14	15	16	10
dre-let-7g-2-3p	61	46	17	19	18	11	9	7
dre-let-7a-3-3p	59	60	14	17	23	19	20	17
dre-mir-194b-5p	57	42	9	16	21	26	18	12
dre-mir-107a-5p	49	56	12	11	17	17	5	11
dre-mir-146b-3p	34	55	6	9	23	22	17	10
dre-mir-142a-5p	50	54	23	21	17	24	8	19
dre-mir-430a-17-3p	36	52	11	23	14	18	7	15
dre-mir-2187-5p	50	50	15	18	8	13	13	10
dre-mir-129-1-3p	39	48	11	5	17	13	14	18
dre-mir-451-3p	46	35	5	1	9	9	3	5
dre-mir-460-5p	41	45	20	21	20	21	17	10
dre-mir-125b-1-5p	45	40	6	8	15	10	9	7
dre-mir-2192-3p	42	38	5	7	11	11	11	17
dre-mir-7a-1-3p	42	40	16	12	12	17	12	6
dre-mir-29a-3p	40	25	6	6	10	11	9	7
dre-mir-1306-3p	40	39	8	8	7	14	8	5
dre-mir-2191-3p	30	39	10	6	8	10	12	14
dre-mir-34b-3p	34	39	11	11	9	12	5	11
dre-mir-7149-5p	32	38	5	13	7	15	5	5
dre-mir-365-3-5p	32	38	7	6	11	11	7	7
dre-mir-130c-2-3p	22	38	17	20	14	14	13	18
dre-mir-731-5p	36	30	3	5	5	13	6	3
dre-mir-2184-3p	14	35	8	4	7	14	10	6
dre-mir-218a-1-3p	31	34	10	9	17	12	8	13
dre-mir-430i-3-3p	34	28	15	20	15	16	9	11
dre-mir-29b-1-3p	25	33	7	8	10	6	2	9
dre-mir-150-3p	33	27	15	6	8	6	4	4
dre-mir-19a-5p	30	33	5	11	10	7	6	13
dre-mir-1388-3p	31	31	5	1	6	13	8	11
dre-mir-222b-3p	31	31	1	6	11	8	9	11
dre-let-7j-3p	22	29	3	1	2	2	2	6
dre-mir-199-3-5p	29	18	3	5	7	6	9	5
dre-mir-499-3p	29	29	11	15	12	14	6	7
dre-mir-7147-5p	29	26	9	5	5	5	5	12
dre-let-7e-3p	25	29	7	12	19	9	1	2
dre-mir-736-5p	21	27	6	5	2	9	1	0
dre-mir-31-3p	27	26	2	9	9	10	2	1
dre-mir-218b-3p	20	24	11	5	9	9	9	6
dre-mir-733-3p	22	24	1	0	8	7	1	0
dre-mir-9-5-3p	13	23	2	3	6	3	1	2
dre-mir-2187-3p	23	19	4	5	6	5	6	5
dre-mir-738-3p	22	19	1	1	5	6	1	1
dre-mir-125a-2-3p	22	20	5	5	9	5	7	3
dre-let-7c-1-5p	21	18	4	8	5	6	4	2
dre-mir-218a-2-3p	19	20	6	3	5	5	7	5
dre-mir-365-1-5p	18	20	3	2	3	11	4	9
dre-mir-23b-5p	19	14	4	4	1	2	2	4
dre-mir-133a-1-3p	12	19	1	3	4	10	1	1
dre-let-7h-3p	18	13	4	4	1	0	1	2
dre-mir-103-5p	13	18	2	5	9	8	3	6
dre-mir-29a-5p	12	17	6	7	10	4	3	3
dre-mir-204-1-5p	13	17	3	0	4	6	3	2
dre-mir-130c-2-5p	17	11	4	3	5	2	5	5
dre-mir-24-5-5p	17	13	7	8	11	7	3	7
dre-mir-459-3p	9	17	3	2	2	0	2	1
dre-mir-7149-3p	17	9	3	4	4	6	2	3
dre-let-7b-5p	14	17	2	5	8	8	6	7
dre-let-7a-5-3p	16	11	1	1	5	4	6	1
dre-mir-124-5-5p	16	7	0	2	2	3	1	1
dre-mir-15a-2-3p	16	15	7	5	7	5	5	4
dre-mir-124-3-5p	14	16	2	1	6	7	2	3
dre-mir-7148-3p	16	12	1	1	3	3	2	2
dre-mir-99-1-3p	16	12	7	2	6	4	2	6
dre-mir-193a-2-5p	15	12	2	2	8	7	2	3
dre-mir-128-2-3p	13	15	2	0	1	5	1	3
dre-mir-722-5p	8	15	4	2	4	4	0	2
dre-let-7a-4-3p	9	15	2	3	4	7	1	3
dre-mir-17a-1-5p	15	8	1	3	1	2	3	3
dre-mir-2184-5p	14	15	6	3	4	4	3	1
dre-mir-729-5p	14	11	3	3	0	4	2	1
dre-mir-9-2-5p	9	14	3	0	4	7	5	4
dre-let-7a-1-5p	14	13	2	3	5	5	0	2
dre-mir-23a-3-5p	14	4	2	1	1	0	3	2
dre-let-7c-1-3p	13	13	2	2	2	1	1	2
dre-let-7a-6-5p	11	13	2	5	2	6	4	1
dre-mir-219-1-5p	13	5	2	2	2	3	7	2
dre-mir-489-5p	7	13	4	6	4	10	3	3
dre-mir-462-3p	13	11	6	3	10	8	10	2
dre-mir-23a-2-5p	13	8	3	3	5	2	1	2
dre-mir-728-3p	12	7	3	4	3	1	3	6
dre-mir-7a-3-3p	11	8	1	3	4	1	0	3
dre-mir-181a-1-5p	11	10	4	3	3	3	2	6
dre-mir-1-2-5p	11	8	1	1	1	3	0	0
dre-mir-2185-3-3p	10	8	3	4	9	6	1	2
dre-mir-29b-2-5p	3	10	5	3	1	3	2	1
dre-mir-1788-5p	10	7	0	1	1	6	0	0
dre-mir-2186-5p	10	8	0	2	7	7	2	2
dre-mir-24-1-5p	9	7	2	1	0	4	3	2
dre-mir-7a-2-3p	8	5	1	7	1	3	0	1
dre-mir-24-4-3p	8	6	0	0	1	2	3	4
dre-mir-740-5p	5	8	1	1	1	4	4	0
dre-mir-2189-5p	4	8	2	1	8	8	1	0
dre-mir-375-2-3p	8	7	2	2	3	3	5	3
dre-mir-430a-1-5p	4	6	8	3	4	1	4	6
dre-mir-731-3p	7	3	2	0	8	5	2	3
dre-mir-2191-5p	7	6	2	1	3	0	0	3
dre-mir-15a-1-3p	6	7	3	2	4	5	0	1
dre-mir-2186-3p	5	7	2	2	2	1	0	0
dre-let-7g-2-5p	4	7	2	0	1	2	1	1
dre-mir-430a-18-5p	7	4	0	0	2	0	0	0
dre-mir-728-5p	7	5	2	3	1	1	2	2
dre-let-7b-3p	6	2	0	0	0	0	0	0
dre-mir-430a-8-3p	2	6	3	0	0	4	4	1
dre-mir-24-4-5p	6	2	2	0	0	2	4	3
dre-let-7f-3p	5	6	0	1	1	1	0	1
dre-mir-181b-1-5p	6	5	2	1	2	1	2	1
dre-mir-135c-1-3p	6	5	1	1	3	4	0	0
dre-mir-1788-3p	6	6	1	1	2	0	5	1
dre-mir-724-3p	5	6	0	2	1	1	2	3
dre-let-7a-2-5p	6	5	1	2	2	2	2	0
dre-mir-338-2-3p	4	3	1	1	3	3	5	2
dre-mir-23a-1-5p	4	5	0	1	0	0	0	1
dre-mir-7a-2-5p	2	5	0	0	2	4	2	0
dre-mir-9-3-5p	5	5	3	3	4	1	4	2
dre-mir-456-5p	4	5	2	3	0	3	0	0
dre-mir-204-1-3p	0	5	1	2	0	0	3	1
dre-mir-2192-5p	0	5	1	0	2	1	1	2
dre-mir-199-1-3p	4	2	0	0	0	1	0	2
dre-let-7g-1-3p	3	4	0	2	0	1	1	0
dre-mir-29b-1-5p	4	1	1	1	1	0	0	1
dre-mir-460-3p	1	0	3	4	1	0	0	0
dre-mir-21-2-3p	4	2	0	0	0	0	0	0
dre-mir-222b-5p	1	2	0	1	4	1	0	0
dre-mir-736-3p	4	2	2	2	0	0	1	3
dre-mir-7147-3p	3	1	2	1	2	3	3	3
dre-mir-9-5-5p	0	3	0	0	0	0	0	0
dre-mir-2193-5p	3	0	1	0	0	0	0	0
dre-mir-9-1-3p	1	1	0	0	3	0	1	1
dre-mir-212-3p	1	2	0	0	1	1	1	3
dre-mir-122-3p	1	3	0	1	1	2	0	1
dre-mir-129-1-5p	3	2	0	0	3	1	2	0
dre-mir-190a-3p	3	3	1	1	2	2	0	0
dre-mir-375-1-5p	2	3	1	0	0	1	0	1
dre-mir-193a-1-5p	2	3	0	1	0	1	0	0
dre-mir-3906-3p	0	3	1	1	2	0	0	0
dre-let-7a-6-3p	3	1	1	0	0	0	0	0
dre-mir-9-2-3p	1	3	0	0	2	1	0	1
dre-mir-3906-5p	0	0	0	0	0	0	0	3
dre-mir-132-1-5p	0	3	1	0	0	0	0	0
dre-mir-216b-3p	0	0	0	0	2	0	0	0
dre-mir-101a-5p	1	0	0	2	0	1	1	1
dre-mir-458-5p	2	2	0	0	0	1	0	0
dre-mir-375-2-5p	1	0	0	0	0	2	0	0
dre-mir-100-1-5p	0	2	0	1	0	0	1	0
dre-mir-430b-8-3p	0	0	0	0	2	2	1	0
dre-mir-125b-2-5p	0	0	0	2	0	0	0	0
dre-let-7d-2-5p	0	2	0	0	0	0	0	0
dre-mir-142b-5p	0	2	1	0	0	0	0	1
dre-mir-429b-5p	2	0	0	0	0	1	0	1
dre-mir-124-6-3p	1	2	0	0	0	0	0	0
dre-mir-2196-3p	1	2	0	0	1	0	0	1
dre-mir-190b-3p	1	2	0	0	0	0	0	0
dre-mir-15a-1-5p	2	0	1	0	0	1	0	0
dre-mir-196a-2-5p	2	1	0	0	1	1	1	0
dre-mir-2193-3p	0	2	0	0	1	0	0	1
dre-mir-429a-5p	0	2	1	0	0	0	1	0
dre-mir-24-3-3p	0	1	1	0	0	2	2	0
dre-mir-2196-5p	1	0	0	0	2	0	0	0
dre-mir-732-5p	2	1	0	0	1	1	0	1
dre-mir-430b-4-3p	0	1	0	0	1	1	0	0
dre-mir-184-2-3p	0	0	0	1	1	0	0	0
dre-mir-202-3p	0	0	1	1	0	0	0	1
dre-mir-734-5p	0	1	0	0	0	1	0	0
dre-mir-430a-1-3p	1	0	0	0	0	0	0	0
dre-mir-124-5-3p	1	0	0	1	0	1	0	0
dre-let-7d-1-3p	0	0	0	1	0	0	0	0
dre-mir-107b-5p	1	0	0	0	0	0	0	0
dre-mir-133a-1-5p	0	0	0	0	1	0	0	0
dre-mir-193a-1-3p	0	0	0	0	1	0	0	0
dre-mir-365-2-5p	1	1	0	0	0	0	0	1
dre-mir-723-5p	1	1	0	0	0	0	0	0
dre-mir-2195-5p	0	1	0	0	0	0	0	0
dre-mir-132-2-3p	0	0	0	0	1	0	1	0
dre-mir-9-3-3p	0	0	0	0	0	0	0	1
dre-mir-137-1-3p	1	1	0	0	0	0	0	0
dre-mir-2195-3p	1	1	0	0	0	0	0	1
dre-mir-461-3p	0	1	0	0	0	0	0	0
dre-mir-2194-5p	1	0	0	0	0	0	0	1
dre-mir-2197-3p	1	0	0	0	0	1	0	0
dre-let-7a-4-5p	0	1	0	0	0	0	0	0
dre-mir-155-3p	1	1	1	1	0	0	0	0
dre-mir-135c-2-5p	0	0	1	0	0	0	0	0
dre-mir-459-5p	1	0	0	0	0	0	1	0
dre-mir-2198-5p	0	0	0	0	0	0	0	1
dre-mir-135a-3p	1	0	0	0	0	0	0	0
dre-mir-9-1-5p	0	0	0	0	0	0	0	1
dre-mir-430b-19-3p	1	0	0	0	0	0	0	0
dre-mir-124-3-3p	0	1	1	0	0	0	0	0
dre-mir-193a-2-3p	1	0	0	0	0	0	0	0
dre-mir-124-4-3p	1	0	0	0	0	0	0	1
dre-mir-27e-5p	0	0	1	0	0	0	1	0
totaldepth	7938638	7949544	1929190	1925279	2522874	2519716	2078799	2082748
