	A543S7.R1.fastq.gz	A543S8.R1.fastq.gz	A543S9.R1.fastq.gz	A543S10.R1.fastq.gz
dre-mir-10b-2-5p	1957833	620344	493485	438402
dre-mir-206-2-3p	1648020	434606	345423	326009
dre-mir-10a-5p	935561	289856	264400	216215
dre-mir-430a-15-3p	880257	301324	252876	364111
dre-mir-203b-3p	728382	234661	164658	149835
dre-mir-203a-3p	557712	172217	123026	106899
dre-mir-200b-3p	538996	178001	138169	126648
dre-mir-92a-1-3p	474243	133439	133202	126672
dre-mir-20a-5p	452346	156747	98896	123824
dre-mir-22a-3p	449791	128145	132514	108132
dre-mir-1-2-3p	405672	123600	124995	52778
dre-mir-21-2-5p	384532	166900	113630	112697
dre-mir-10d-5p	355733	119335	111891	87866
dre-mir-10c-5p	346117	109808	99549	86503
dre-mir-9-6-5p	277664	82069	72094	46711
dre-mir-184-1-3p	265861	80952	68426	59849
dre-mir-100-2-5p	252963	71140	77899	48852
dre-mir-430b-13-3p	222979	81164	61363	84595
dre-mir-25-3p	199421	67302	46045	45746
dre-mir-363-3p	186855	67019	54650	46469
dre-mir-30c-5p	167692	54263	43417	36476
dre-mir-222a-3p	152080	39920	33723	34922
dre-mir-30d-5p	139942	41399	37946	27760
dre-mir-725-1-3p	137166	38027	36737	32419
dre-mir-17a-2-5p	132890	49391	34584	45279
dre-mir-219-2-3p	131866	41182	29878	29940
dre-mir-27b-3p	125876	45826	40248	34780
dre-mir-182-5p	112910	36863	24076	19812
dre-mir-183-5p	105591	30065	29122	20923
dre-mir-221-3p	103713	31889	27057	29788
dre-mir-430b-13-5p	100153	29108	29362	32566
dre-mir-7b-5p	94631	24418	29023	26736
dre-mir-141-3p	91552	28643	21900	18280
dre-mir-126a-3p	85839	27787	20926	19152
dre-mir-128-1-3p	84341	22544	17341	14852
dre-mir-205-5p	80872	27033	22401	20527
dre-mir-26a-2-5p	79735	24091	24267	21759
dre-mir-199-2-5p	79428	29129	29091	21919
dre-mir-454b-3p	77036	27003	21717	17631
dre-mir-152-3p	76045	22489	28813	24352
dre-mir-200a-3p	75632	28350	22348	25039
dre-mir-20b-5p	75369	28103	19052	22306
dre-mir-199-2-3p	75088	26648	20120	17712
dre-mir-222a-5p	67867	22459	15550	19168
dre-mir-148-3p	67558	20225	23344	22594
dre-mir-200a-5p	66963	22656	16461	14387
dre-mir-92b-3p	66573	22291	17223	16683
dre-mir-30e-2-3p	58626	17556	13372	10468
dre-mir-19b-3p	57403	24228	12803	17463
dre-mir-18c-5p	54513	18655	14440	15551
dre-mir-7a-1-5p	53934	14460	15194	7953
dre-mir-93-5p	51065	19023	10660	14381
dre-mir-143-1-3p	50770	14442	16233	9806
dre-mir-130b-5p	48742	12806	12522	9187
dre-mir-181a-2-3p	39956	14069	8528	7996
dre-mir-206-1-3p	37634	10192	11176	8092
dre-mir-200c-3p	36943	12505	10290	8861
dre-mir-204-2-5p	36763	11884	10327	6776
dre-mir-218a-2-5p	36270	13670	11746	10348
dre-mir-99-2-5p	35336	13411	10450	6081
dre-mir-430c-5-3p	34782	12365	7460	15692
dre-mir-140-3p	33322	10772	14245	11960
dre-mir-144-5p	32105	11015	5392	4615
dre-mir-217-5p	30341	10661	10000	6472
dre-mir-216b-5p	30334	10718	11725	7422
dre-mir-429a-3p	29761	11797	7461	9565
dre-mir-196b-5p	28629	9375	7002	8937
dre-mir-99-2-3p	28600	16183	7229	7079
dre-mir-135b-5p	27650	8115	5713	5894
dre-mir-92a-1-5p	27227	9285	6642	6424
dre-mir-181a-1-3p	26378	9025	6628	6841
dre-mir-196a-1-5p	26277	8784	6476	7967
dre-mir-146a-5p	25385	11575	9204	4066
dre-mir-133a-2-3p	25321	7691	8330	6215
dre-mir-30e-2-5p	24571	8055	7572	7490
dre-mir-301b-5p	22700	6326	4429	5937
dre-mir-9-4-3p	18865	6522	6564	2258
dre-mir-16c-5p	18235	6890	4990	6017
dre-mir-221-5p	18015	5414	4798	5686
dre-mir-301c-5p	17988	5352	3781	4382
dre-mir-10a-3p	17924	5575	5590	4493
dre-mir-192-5p	17657	6323	4479	4094
dre-mir-181b-2-5p	17022	6141	4553	4473
dre-mir-375-1-3p	16988	4996	3866	2468
dre-mir-103-3p	16762	5940	4551	4414
dre-mir-181a-2-5p	16270	5983	5501	4307
dre-mir-456-3p	16175	5094	4424	4416
dre-mir-10b-1-5p	15428	4655	3414	3433
dre-mir-16c-3p	15257	5395	3927	3820
dre-mir-19d-3p	13935	4728	3787	5259
dre-mir-21-1-5p	13187	5202	3223	3041
dre-mir-219-3-3p	12964	4674	3376	3381
dre-mir-135b-3p	12761	4351	2978	3505
dre-mir-124-2-5p	12000	4098	2623	3204
dre-mir-16b-5p	11995	4298	3361	3531
dre-mir-133a-2-5p	11973	4469	3111	2475
dre-mir-26a-1-3p	11774	4066	2300	2420
dre-mir-30a-5p	11469	4704	5005	3679
dre-mir-2189-3p	11466	7704	1175	1342
dre-mir-7a-3-5p	11222	2590	3439	2140
dre-mir-17a-1-3p	10417	4318	2803	3410
dre-mir-722-3p	9963	3077	1915	1591
dre-mir-100-2-3p	9899	3770	2530	2227
dre-mir-458-3p	9814	3031	2857	1961
dre-mir-499-5p	9749	2893	3107	2313
dre-mir-181c-5p	9749	3275	2996	2353
dre-mir-96-5p	9714	3752	2384	2614
dre-mir-363-5p	9564	2716	1693	2191
dre-mir-30d-3p	9238	2958	2137	2093
dre-mir-454a-3p	9218	3154	2242	2314
dre-let-7g-1-5p	9056	2620	1658	1703
dre-mir-19c-3p	8686	3465	2539	3358
dre-mir-140-5p	8644	2862	2684	2458
dre-mir-735-5p	8391	2849	2381	1722
dre-mir-2188-3p	8285	3144	1859	1201
dre-mir-223-5p	8051	2678	1633	1593
dre-mir-24-1-3p	7991	3036	2490	2057
dre-mir-196c-5p	7775	2463	1429	2113
dre-mir-7146-5p	7670	3192	2297	3295
dre-mir-9-6-3p	7530	2984	2236	2089
dre-mir-430a-15-5p	7450	2359	2770	2848
dre-mir-153b-3p	7251	2927	3198	2436
dre-mir-146b-5p	6620	3246	1419	977
dre-let-7a-5-5p	6160	1928	1354	1185
dre-mir-23b-3p	6126	2253	2018	1751
dre-mir-139-5p	5971	2087	2007	1261
dre-mir-206-2-5p	5955	2022	1346	1623
dre-mir-193b-5p	5915	1976	1380	1285
dre-mir-30b-5p	5904	2066	1442	1848
dre-mir-133b-3p	5844	1838	1436	1961
dre-mir-19a-3p	5810	2050	1731	2163
dre-mir-125b-3-5p	5760	1910	2248	1374
dre-mir-27a-5p	5501	2214	1238	1386
dre-mir-130c-1-5p	5465	1701	1351	1452
dre-mir-30a-3p	5207	1720	1329	1114
dre-mir-9-7-3p	5061	1794	2545	846
dre-mir-125b-1-3p	4943	1441	1028	813
dre-mir-15c-5p	4722	1703	1130	1201
dre-mir-27c-2-3p	4685	1713	1484	1266
dre-let-7e-5p	4518	1714	512	394
dre-mir-18a-5p	4514	1624	1351	1613
dre-mir-206-1-5p	4418	1617	1133	1494
dre-mir-16a-3p	4375	1284	1051	852
dre-mir-130b-3p	4221	1452	1244	1396
dre-mir-199-3-3p	4169	1388	1574	1067
dre-mir-430a-8-5p	4149	1355	1910	3240
dre-mir-196d-5p	4097	1311	1014	1156
dre-mir-223-3p	4067	1424	1161	964
dre-mir-26b-5p	3975	1431	1236	1154
dre-mir-133c-5p	3890	1313	674	1087
dre-mir-30c-3p	3888	1420	1224	965
dre-mir-196a-1-3p	3817	1339	1032	1147
dre-mir-101a-3p	3789	1588	1680	1340
dre-let-7i-5p	3729	995	809	824
dre-mir-30b-3p	3701	1138	840	1074
dre-mir-203b-5p	3612	1394	761	1080
dre-mir-126b-3p	3609	1388	1089	1166
dre-mir-214-3p	3592	1217	1371	1014
dre-mir-133c-3p	3574	1110	624	884
dre-mir-16a-5p	3503	1240	891	1223
dre-mir-15b-3p	3489	1237	830	1072
dre-mir-10d-3p	3418	969	858	667
dre-mir-125a-2-5p	3383	978	1402	616
dre-mir-10b-2-3p	3377	1193	925	1077
dre-mir-219-3-5p	3359	1373	900	1253
dre-mir-129-2-5p	3339	843	927	394
dre-mir-724-5p	3296	801	976	518
dre-mir-725-1-5p	3293	974	830	668
dre-mir-145-3p	3265	864	812	561
dre-mir-124-6-5p	3216	945	707	768
dre-mir-430c-5-5p	2765	1078	719	1103
dre-mir-128-1-5p	2686	820	764	598
dre-mir-10c-3p	2675	866	702	754
dre-mir-738-5p	2595	1196	160	198
dre-mir-92b-5p	2519	722	642	827
dre-mir-23a-1-3p	2502	830	735	503
dre-mir-194a-5p	2498	899	678	805
dre-mir-125c-3p	2458	830	653	422
dre-mir-27c-2-5p	2333	723	597	685
dre-mir-92a-2-3p	2316	826	512	695
dre-mir-196b-3p	2302	812	692	871
dre-mir-148-5p	2290	784	760	780
dre-mir-25-5p	2240	784	437	518
dre-let-7c-2-5p	2126	673	542	365
dre-mir-27d-3p	2116	547	566	435
dre-mir-7b-3p	2071	614	374	425
dre-mir-10b-1-3p	2064	560	490	505
dre-mir-457a-5p	2000	773	555	665
dre-mir-126b-5p	1970	627	419	556
dre-mir-22a-5p	1955	620	409	419
dre-mir-20a-3p	1950	734	477	696
dre-mir-457a-3p	1948	844	699	503
dre-mir-101b-3p	1931	851	647	986
dre-mir-99-1-5p	1922	582	614	430
dre-mir-200c-5p	1916	630	372	317
dre-mir-135c-1-5p	1913	550	462	409
dre-mir-196a-2-3p	1906	630	519	589
dre-mir-153b-5p	1830	772	435	513
dre-mir-181b-2-3p	1791	626	438	429
dre-mir-181c-3p	1783	699	481	391
dre-mir-18a-3p	1762	663	410	604
dre-mir-219-1-3p	1751	651	344	372
dre-mir-27e-3p	1715	503	539	431
dre-mir-7148-5p	1681	449	371	342
dre-mir-18c-3p	1631	485	347	326
dre-mir-20b-3p	1631	886	1253	773
dre-mir-301a-3p	1615	459	528	554
dre-mir-107a-3p	1604	677	381	460
dre-mir-451-5p	1599	566	402	222
dre-mir-732-3p	1595	545	370	185
dre-mir-122-5p	1550	311	365	170
dre-mir-1-1-3p	1549	439	610	296
dre-mir-125c-5p	1548	487	561	314
dre-mir-93-3p	1454	508	324	396
dre-mir-22b-3p	1447	407	433	380
dre-let-7j-5p	1446	431	280	231
dre-mir-125b-2-3p	1437	420	333	341
dre-mir-130a-3p	1400	446	372	379
dre-mir-210-5p	1269	269	1390	130
dre-mir-218b-5p	1363	514	591	371
dre-mir-7146-3p	1353	473	436	631
dre-mir-34a-5p	1337	634	295	333
dre-mir-19b-5p	1336	532	326	399
dre-mir-27b-5p	1305	412	260	297
dre-mir-26a-3-5p	1292	334	375	356
dre-mir-216a-3p	1227	428	385	295
dre-mir-733-3p	1215	585	20	59
dre-mir-15b-5p	1204	348	369	359
dre-mir-219-2-5p	1202	488	299	448
dre-mir-187-1-3p	1177	385	346	159
dre-mir-153c-5p	1158	395	269	327
dre-mir-155-5p	1158	561	344	340
dre-mir-130c-1-3p	1143	359	336	341
dre-mir-182-3p	1110	868	271	236
dre-mir-27a-3p	1074	410	307	351
dre-mir-733-5p	1032	326	146	197
dre-mir-107b-3p	1030	294	184	265
dre-mir-130a-5p	1026	290	234	217
dre-mir-454b-5p	996	382	272	359
dre-mir-150-5p	943	293	313	344
dre-mir-153c-3p	942	409	424	273
dre-mir-31-5p	936	376	201	231
dre-mir-200b-5p	928	316	241	202
dre-mir-429b-3p	928	357	266	266
dre-mir-192-3p	885	323	205	241
dre-mir-735-3p	866	312	149	218
dre-mir-214-5p	850	325	264	202
dre-mir-137-3-5p	849	253	165	172
dre-mir-92a-2-5p	848	283	194	240
dre-mir-124-4-5p	848	294	263	184
dre-mir-146a-3p	843	356	231	166
dre-mir-124-1-3p	824	313	279	271
dre-mir-457b-3p	817	272	209	285
dre-mir-455-2-5p	796	292	258	247
dre-mir-457b-5p	780	356	221	309
dre-mir-34a-3p	770	272	209	175
dre-mir-205-3p	732	275	173	216
dre-let-7c-2-3p	723	298	89	56
dre-mir-730-5p	708	208	123	207
dre-mir-125a-1-3p	701	230	193	115
dre-mir-16b-3p	691	206	168	205
dre-mir-17a-2-3p	662	238	145	198
dre-mir-18b-5p	647	240	142	215
dre-mir-133b-5p	646	231	182	253
dre-mir-2188-5p	606	222	120	84
dre-mir-2185-3-5p	604	185	224	117
dre-mir-193b-3p	604	229	205	142
dre-mir-454a-5p	599	210	146	208
dre-mir-132-2-5p	599	143	175	70
dre-mir-455-1-5p	583	308	311	256
dre-mir-26a-2-3p	577	191	169	156
dre-let-7a-1-3p	569	142	66	82
dre-mir-184-1-5p	568	165	129	125
dre-let-7f-5p	552	163	94	106
dre-mir-216a-5p	541	213	208	152
dre-mir-130c-2-3p	534	259	183	300
dre-mir-145-5p	533	135	123	100
dre-mir-153a-3p	528	240	192	184
dre-mir-144-3p	524	286	154	107
dre-mir-338-1-5p	520	180	153	118
dre-mir-24-3-5p	513	234	144	165
dre-mir-194a-3p	507	117	145	114
dre-mir-181b-1-3p	497	180	128	121
dre-mir-204-2-3p	492	159	146	133
dre-mir-21-1-3p	489	342	150	400
dre-mir-141-5p	483	165	112	116
dre-mir-210-3p	369	111	472	77
dre-mir-19d-5p	461	164	109	111
dre-mir-23a-3-3p	456	120	129	123
dre-mir-455-2-3p	452	183	164	232
dre-mir-96-3p	432	139	87	114
dre-mir-301c-3p	425	171	147	174
dre-mir-139-3p	422	114	92	55
dre-mir-365-3-3p	416	121	98	59
dre-mir-142a-3p	416	132	108	91
dre-mir-462-5p	386	124	109	86
dre-mir-23a-2-3p	374	142	122	84
dre-mir-301a-5p	373	130	92	167
dre-mir-489-3p	363	96	55	66
dre-mir-740-3p	358	143	114	76
dre-mir-19c-5p	355	139	79	104
dre-mir-187-1-5p	354	138	84	53
dre-mir-15a-2-5p	352	107	98	112
dre-mir-7145-3p	348	168	104	134
dre-mir-723-3p	342	122	125	66
dre-mir-152-5p	329	114	102	97
dre-mir-137-3-3p	328	131	126	105
dre-mir-727-3p	323	79	111	66
dre-mir-26a-3-3p	319	90	60	74
dre-mir-430a-17-3p	314	94	86	121
dre-mir-203a-5p	311	111	60	70
dre-mir-737-5p	306	88	70	66
dre-mir-1-1-5p	305	118	67	69
dre-mir-99-1-3p	303	119	67	125
dre-mir-217-3p	286	108	52	69
dre-mir-138-5p	280	109	79	71
dre-mir-153a-5p	273	113	67	75
dre-mir-34b-5p	267	76	68	53
dre-mir-34c-5p	266	81	51	30
dre-mir-734-3p	257	79	64	32
dre-mir-9-2-3p	255	129	35	59
dre-let-7e-3p	252	125	97	72
dre-mir-1388-5p	244	87	62	41
dre-mir-18b-3p	238	88	44	80
dre-mir-726-3p	235	98	39	38
dre-mir-301b-3p	231	105	90	90
dre-mir-143-1-5p	223	68	80	68
dre-mir-730-3p	222	61	31	51
dre-mir-212-5p	218	47	60	53
dre-let-7d-1-5p	210	67	77	31
dre-mir-146b-3p	208	92	45	38
dre-mir-126a-5p	201	92	70	83
dre-mir-138-3p	200	45	55	52
dre-mir-34c-3p	193	56	41	31
dre-mir-129-2-3p	191	48	29	41
dre-mir-727-5p	191	70	42	54
dre-let-7a-2-3p	190	69	35	17
dre-mir-100-1-3p	189	80	58	48
dre-mir-338-2-5p	183	72	68	47
dre-mir-737-3p	181	62	44	51
dre-mir-26b-3p	179	63	53	46
dre-mir-101b-5p	179	71	68	88
dre-mir-202-5p	174	86	110	27
dre-mir-15c-3p	169	51	38	49
dre-mir-194b-3p	168	31	41	20
dre-mir-135a-5p	158	35	50	41
dre-mir-22b-5p	155	57	36	35
dre-mir-142a-5p	154	53	31	57
dre-mir-196d-3p	154	79	61	51
dre-mir-124-1-5p	154	45	33	35
dre-mir-125b-3-3p	145	56	37	20
dre-mir-218a-1-5p	143	55	46	31
dre-mir-27d-5p	142	42	30	29
dre-mir-190b-5p	141	53	12	21
dre-mir-729-3p	139	55	30	40
dre-mir-190a-5p	136	48	47	36
dre-mir-183-3p	135	42	38	26
dre-let-7h-5p	135	44	34	30
dre-mir-2184-5p	135	25	16	22
dre-mir-128-2-5p	133	51	27	30
dre-mir-199-1-5p	133	44	41	21
dre-mir-1306-5p	129	65	47	43
dre-mir-15a-2-3p	107	87	124	70
dre-let-7a-3-3p	123	42	38	32
dre-mir-726-5p	123	51	25	26
dre-mir-107a-5p	123	43	20	35
dre-mir-2187-5p	118	29	28	41
dre-mir-132-1-3p	117	31	26	27
dre-let-7g-2-3p	107	30	16	36
dre-mir-194b-5p	99	47	30	25
dre-mir-451-3p	94	22	8	6
dre-mir-9-5-3p	93	29	15	20
dre-mir-125b-1-5p	92	29	19	15
dre-mir-499-3p	89	30	23	32
dre-mir-2192-3p	88	24	29	14
dre-mir-460-5p	88	41	29	44
dre-mir-430a-8-3p	87	32	20	31
dre-mir-129-1-3p	87	30	32	16
dre-mir-1306-3p	83	22	14	16
dre-mir-7a-1-3p	83	30	18	29
dre-mir-19a-5p	82	23	28	29
dre-mir-17a-1-5p	80	29	25	29
dre-mir-34b-3p	80	23	16	24
dre-mir-2185-3-3p	78	39	10	26
dre-mir-124-3-5p	77	30	18	14
dre-mir-9-2-5p	74	25	17	8
dre-mir-29a-3p	71	26	19	14
dre-mir-365-3-5p	71	23	14	14
dre-mir-7149-5p	70	22	10	18
dre-mir-181a-1-5p	69	41	20	23
dre-mir-2191-3p	69	18	27	17
dre-mir-29b-1-3p	68	17	13	18
dre-mir-199-3-5p	68	19	19	23
dre-mir-731-5p	68	18	9	8
dre-mir-218a-1-3p	65	29	21	19
dre-mir-150-3p	63	14	9	22
dre-mir-1388-3p	63	19	20	8
dre-mir-222b-3p	63	22	20	8
dre-mir-430i-3-3p	62	31	20	35
dre-mir-728-3p	62	21	31	15
dre-mir-738-3p	59	23	4	3
dre-mir-7147-5p	59	11	17	14
dre-mir-2184-3p	58	24	16	14
dre-mir-31-3p	53	20	3	11
dre-mir-736-5p	52	14	1	15
dre-mir-2186-3p	52	17	9	24
dre-let-7j-3p	51	7	9	5
dre-mir-23a-2-5p	51	14	16	18
dre-mir-2186-5p	50	34	19	15
dre-mir-199-1-3p	48	12	16	11
dre-let-7h-3p	48	7	6	12
dre-mir-130c-2-5p	46	14	17	12
dre-mir-23b-5p	46	7	13	8
dre-mir-218b-3p	46	19	19	19
dre-mir-218a-2-3p	45	12	14	9
dre-mir-24-3-3p	45	16	14	14
dre-mir-125a-2-3p	44	18	11	12
dre-mir-2187-3p	43	11	11	9
dre-mir-9-4-5p	42	12	10	3
dre-mir-462-3p	42	26	21	19
dre-mir-204-1-5p	41	12	7	5
dre-let-7a-6-5p	41	14	9	15
dre-mir-365-1-5p	41	14	14	5
dre-let-7c-1-5p	41	11	7	13
dre-mir-181b-1-5p	40	15	16	16
dre-mir-124-5-5p	38	10	5	4
dre-mir-103-5p	36	21	10	8
dre-mir-135c-1-3p	35	14	4	9
dre-let-7b-5p	35	16	13	7
dre-mir-430b-8-3p	34	19	5	15
dre-mir-24-5-5p	33	19	11	16
dre-mir-133a-1-3p	32	17	2	6
dre-mir-7149-3p	31	12	7	7
dre-let-7a-1-5p	31	12	2	7
dre-mir-7148-3p	31	10	4	2
dre-let-7a-5-3p	30	9	8	2
dre-mir-128-2-3p	30	7	4	3
dre-mir-29a-5p	29	14	8	13
dre-mir-193a-2-5p	29	20	5	4
dre-mir-24-4-3p	29	10	11	5
dre-mir-24-5-3p	29	13	7	10
dre-let-7c-1-3p	28	4	5	5
dre-mir-9-3-5p	28	11	15	17
dre-mir-740-5p	27	8	5	3
dre-mir-459-3p	27	4	3	5
dre-mir-7a-3-3p	26	10	5	6
dre-mir-24-4-5p	26	10	17	9
dre-mir-722-5p	26	11	3	6
dre-mir-375-2-3p	26	8	12	10
dre-mir-729-5p	25	4	3	6
dre-mir-7a-2-5p	10	25	2	1
dre-mir-489-5p	25	18	9	10
dre-let-7a-4-3p	25	12	4	5
dre-mir-122-3p	25	7	8	3
dre-mir-23a-3-5p	25	4	6	4
dre-mir-219-1-5p	24	9	13	4
dre-mir-1788-5p	23	9	0	1
dre-mir-124-3-3p	22	11	6	7
dre-mir-15a-1-5p	21	12	4	8
dre-mir-129-1-5p	21	11	4	0
dre-let-7g-1-3p	20	1	3	2
dre-mir-100-1-5p	20	6	2	4
dre-mir-2191-5p	19	5	4	5
dre-mir-1-2-5p	19	4	0	3
dre-mir-15a-1-3p	18	12	2	9
dre-mir-2189-5p	15	18	2	4
dre-mir-724-3p	18	3	7	3
dre-mir-430a-18-5p	17	6	0	0
dre-let-7f-3p	17	6	4	7
dre-mir-460-3p	17	7	3	16
dre-let-7g-2-5p	16	4	3	3
dre-mir-7a-2-3p	16	5	1	8
dre-mir-24-1-5p	16	7	5	4
dre-mir-124-5-3p	15	6	4	7
dre-mir-731-3p	13	15	9	2
dre-mir-728-5p	15	2	4	7
dre-mir-7147-3p	14	12	10	7
dre-let-7b-3p	14	0	3	0
dre-mir-2193-5p	5	14	0	5
dre-mir-29b-2-5p	13	6	4	8
dre-mir-9-1-5p	13	10	1	5
dre-mir-1788-3p	13	2	6	2
dre-mir-732-5p	13	6	5	1
dre-mir-212-3p	12	3	5	1
dre-mir-2196-3p	12	2	3	2
dre-mir-124-2-3p	11	3	0	0
dre-mir-23a-1-5p	11	0	2	1
dre-mir-29b-2-3p	11	5	6	7
dre-mir-430a-1-5p	10	5	10	11
dre-mir-21-2-3p	11	2	1	1
dre-let-7a-2-5p	11	5	4	4
dre-mir-338-2-3p	8	10	9	4
dre-mir-216b-3p	9	6	2	3
dre-mir-124-6-3p	9	2	1	0
dre-mir-456-5p	9	5	0	5
dre-mir-184-2-5p	9	1	3	2
dre-mir-2193-3p	9	7	5	1
dre-mir-9-5-5p	8	4	3	1
dre-mir-458-5p	8	1	0	0
dre-mir-430a-1-3p	8	2	0	3
dre-mir-723-5p	8	1	1	0
dre-mir-2192-5p	8	3	3	1
dre-mir-190a-3p	6	8	1	2
dre-let-7a-6-3p	8	1	0	1
dre-mir-736-3p	8	0	4	4
dre-mir-7145-5p	7	1	1	6
dre-mir-2194-5p	7	0	3	1
dre-mir-3906-3p	7	2	0	4
dre-mir-430b-4-3p	6	4	4	4
dre-mir-29b-1-5p	6	2	1	2
dre-mir-125b-2-5p	2	0	1	6
dre-let-7d-2-5p	6	2	0	0
dre-mir-429b-5p	6	1	1	3
dre-mir-137-1-3p	6	0	0	0
dre-mir-461-3p	6	1	3	2
dre-mir-193a-1-5p	6	1	0	1
dre-mir-459-5p	6	6	1	0
dre-mir-222b-5p	6	6	0	2
dre-mir-124-4-3p	6	2	3	0
dre-mir-184-2-3p	5	3	4	2
dre-mir-365-2-5p	5	1	1	0
dre-mir-190b-3p	5	0	0	0
dre-mir-204-1-3p	5	0	4	3
dre-mir-155-3p	4	5	1	3
dre-mir-375-1-5p	5	1	1	1
dre-mir-365-1-3p	5	1	0	0
dre-mir-2196-5p	2	5	2	0
dre-mir-132-1-5p	5	0	1	1
dre-mir-26a-1-5p	4	3	0	1
dre-mir-9-1-3p	4	3	3	1
dre-mir-430a-18-3p	4	0	0	0
dre-mir-2195-3p	4	3	4	0
dre-mir-196a-2-5p	4	3	1	0
dre-mir-9-7-5p	4	0	1	1
dre-mir-429a-5p	4	2	3	3
dre-mir-101a-5p	1	1	2	3
dre-mir-107b-5p	1	3	0	0
dre-let-7a-3-5p	3	0	0	0
dre-mir-142b-5p	2	1	1	3
dre-mir-2197-3p	2	3	2	1
dre-mir-3906-5p	1	0	3	0
dre-mir-430b-19-3p	3	3	0	0
dre-mir-193a-2-3p	3	0	0	0
dre-mir-2194-3p	1	2	1	0
dre-mir-202-3p	0	0	1	2
dre-mir-461-5p	0	2	0	0
dre-mir-734-5p	2	1	0	0
dre-mir-375-2-5p	1	2	0	0
dre-mir-135c-2-3p	2	0	0	0
dre-let-7d-1-3p	2	0	0	1
dre-mir-430b-8-5p	2	1	1	0
dre-mir-125a-1-5p	2	0	1	1
dre-mir-2195-5p	2	0	0	0
dre-mir-338-1-3p	0	2	0	0
dre-mir-430b-20-3p	2	2	1	1
dre-let-7i-3p	0	1	1	2
dre-mir-27e-5p	0	0	2	2
dre-mir-430a-11-5p	1	1	0	0
dre-mir-133a-1-5p	1	1	0	0
dre-mir-193a-1-3p	1	1	0	0
dre-mir-196c-3p	0	1	1	0
dre-mir-132-2-3p	0	1	1	0
dre-mir-9-3-3p	0	0	1	0
dre-let-7a-4-5p	1	0	0	0
dre-mir-135c-2-5p	0	0	1	1
dre-mir-430b-3-5p	0	0	0	1
dre-mir-2198-5p	0	1	1	0
dre-mir-135a-3p	1	0	0	0
dre-mir-430a-11-3p	0	1	0	0
totaldepth	16166965	5146301	4229832	3922608
