	S7	S8	S9	S10
dre-mir-10b-2-5p	1944372	616308	490404	435651
dre-mir-206-2-3p	1632609	430510	341719	323171
dre-mir-10a-5p	928662	287835	262884	214838
dre-mir-430a-15-3p	871090	298381	250264	360635
dre-mir-203b-3p	720996	232398	163037	148479
dre-mir-203a-3p	552340	170731	121909	105988
dre-mir-200b-3p	536700	177312	137621	126128
dre-mir-92a-1-3p	471138	132438	132366	125923
dre-mir-20a-5p	447734	155204	97845	122682
dre-mir-22a-3p	447707	127549	131964	107680
dre-mir-1-2-3p	401346	122315	123584	52324
dre-mir-21-2-5p	382185	166016	112935	112080
dre-mir-10d-5p	353927	118775	111394	87489
dre-mir-10c-5p	342879	108767	98568	85703
dre-mir-9-6-5p	275828	81556	71653	46386
dre-mir-184-1-3p	263281	80192	67780	59322
dre-mir-100-2-5p	251858	70842	77543	48628
dre-mir-430b-13-3p	216813	78975	59725	82699
dre-mir-25-3p	197938	66761	45710	45406
dre-mir-363-3p	185824	66688	54386	46239
dre-mir-30c-5p	166902	54024	42975	36285
dre-mir-222a-3p	149597	39310	33099	34389
dre-mir-30d-5p	138851	41086	37606	27555
dre-mir-725-1-3p	136228	37751	36490	32213
dre-mir-17a-2-5p	131580	48944	34207	44857
dre-mir-219-2-3p	129075	40326	29293	29460
dre-mir-27b-3p	125081	45537	40057	34545
dre-mir-182-5p	111271	36375	23671	19467
dre-mir-183-5p	104900	29837	28957	20779
dre-mir-221-3p	102865	31640	26866	29579
dre-mir-430b-13-5p	99463	28930	29183	32355
dre-mir-7b-5p	93756	24209	28820	26527
dre-mir-141-3p	91035	28489	21752	18171
dre-mir-126a-3p	85404	27667	20821	19073
dre-mir-128-1-3p	81100	21511	16680	14027
dre-mir-205-5p	80024	26771	22184	20359
dre-mir-199-2-5p	79084	29005	28990	21835
dre-mir-26a-2-5p	79117	23886	24115	21610
dre-mir-454b-3p	76231	26686	21484	17443
dre-mir-152-3p	75289	22227	28572	24108
dre-mir-20b-5p	74654	27835	18867	22104
dre-mir-200a-3p	73689	27592	21788	24500
dre-mir-199-2-3p	73532	26128	19692	17389
dre-mir-148-3p	67096	20095	23199	22431
dre-mir-200a-5p	66573	22527	16377	14304
dre-mir-92b-3p	66139	22144	17080	16578
dre-mir-222a-5p	65576	21724	14941	18642
dre-mir-30e-2-3p	58048	17392	13234	10370
dre-mir-7a-1-5p	53626	14376	15130	7911
dre-mir-18c-5p	53107	18146	14020	15127
dre-mir-93-5p	50348	18775	10492	14191
dre-mir-143-1-3p	50262	14291	16083	9724
dre-mir-130b-5p	48379	12718	12458	9107
dre-mir-181a-2-3p	39691	13983	8481	7945
dre-mir-204-2-5p	36471	11792	10246	6732
dre-mir-200c-3p	36592	12359	10181	8772
dre-mir-206-1-3p	36202	9713	10689	7775
dre-mir-218a-2-5p	35719	13478	11592	10219
dre-mir-99-2-5p	35015	13306	10352	6034
dre-mir-430c-5-3p	33360	11836	7123	15149
dre-mir-140-3p	32761	10581	14047	11784
dre-mir-216b-5p	30191	10669	11679	7397
dre-mir-217-5p	29688	10440	9808	6349
dre-mir-429a-3p	28348	11137	7081	8909
dre-mir-196b-5p	27961	9170	6875	8753
dre-mir-135b-5p	27503	8082	5686	5863
dre-mir-92a-1-5p	27028	9225	6594	6386
dre-mir-144-5p	26483	8504	4547	3772
dre-mir-181a-1-3p	26196	8986	6597	6808
dre-mir-196a-1-5p	25959	8703	6408	7872
dre-mir-146a-5p	24828	11302	9021	3973
dre-mir-30e-2-5p	24190	7944	7474	7407
dre-mir-133a-2-3p	23852	7123	7832	5765
dre-mir-301b-5p	22551	6274	4393	5898
dre-mir-9-4-3p	18625	6439	6494	2233
dre-mir-16c-5p	18078	6830	4941	5956
dre-mir-301c-5p	17874	5334	3763	4360
dre-mir-10a-3p	17756	5513	5560	4468
dre-mir-192-5p	17262	6166	4369	4003
dre-mir-375-1-3p	16735	4958	3803	2434
dre-mir-103-3p	16444	5803	4471	4320
dre-mir-181b-2-5p	16564	6006	4426	4354
dre-mir-19b-3p	16241	5901	4727	5986
dre-mir-181a-2-5p	15823	5850	5377	4202
dre-mir-456-3p	15941	5036	4351	4356
dre-mir-221-5p	15691	4654	4010	4907
dre-mir-10b-1-5p	15147	4564	3342	3381
dre-mir-19d-3p	13457	4586	3710	5142
dre-mir-21-1-5p	13049	5126	3170	2989
dre-mir-219-3-3p	11946	4070	3118	2906
dre-mir-124-2-5p	11911	4071	2601	3182
dre-mir-16b-5p	11904	4260	3324	3510
dre-mir-133a-2-5p	11840	4420	3084	2448
dre-mir-16c-3p	11756	3687	2751	2714
dre-mir-2189-3p	11395	7670	1170	1335
dre-mir-30a-5p	11354	4660	4946	3628
dre-mir-7a-3-5p	11028	2544	3376	2092
dre-mir-135b-3p	10734	3673	2546	2962
dre-mir-17a-1-3p	9897	3991	2665	3182
dre-mir-100-2-3p	9852	3752	2515	2208
dre-mir-458-3p	9745	3006	2835	1950
dre-mir-722-3p	9792	3007	1890	1554
dre-mir-181c-5p	9556	3221	2941	2322
dre-mir-96-5p	9658	3738	2374	2603
dre-mir-499-5p	9516	2819	3040	2271
dre-mir-363-5p	9407	2675	1677	2147
dre-mir-454a-3p	9104	3114	2210	2287
dre-mir-30d-3p	9171	2923	2126	2069
dre-let-7g-1-5p	8959	2596	1643	1694
dre-mir-140-5p	8566	2837	2659	2442
dre-mir-19c-3p	8469	3375	2475	3289
dre-mir-26a-1-3p	8039	2765	1587	1691
dre-mir-24-1-3p	7931	3010	2467	2044
dre-mir-196c-5p	7704	2434	1413	2085
dre-mir-7146-5p	7521	3125	2265	3245
dre-mir-9-6-3p	7344	2914	2192	2035
dre-mir-430a-15-5p	7379	2338	2759	2830
dre-mir-153b-3p	7168	2887	3164	2413
dre-mir-146b-5p	6579	3231	1412	972
dre-let-7a-5-5p	6124	1921	1344	1180
dre-mir-23b-3p	6047	2216	1988	1729
dre-mir-206-2-5p	5926	2011	1336	1613
dre-mir-139-5p	5947	2078	1998	1252
dre-mir-30b-5p	5848	2059	1430	1836
dre-mir-193b-5p	5756	1926	1350	1254
dre-mir-125b-3-5p	5716	1899	2236	1366
dre-mir-19a-3p	5629	1975	1689	2113
dre-mir-27a-5p	5449	2188	1223	1367
dre-mir-130c-1-5p	5399	1669	1334	1423
dre-mir-30a-3p	5154	1701	1318	1104
dre-mir-9-7-3p	5025	1788	2534	842
dre-mir-133b-3p	4901	1569	1196	1642
dre-mir-125b-1-3p	4896	1427	1025	803
dre-mir-2188-3p	4835	1932	1194	756
dre-mir-735-5p	4880	1379	1244	965
dre-mir-27c-2-3p	4653	1698	1475	1255
dre-mir-15c-5p	4596	1650	1106	1175
dre-mir-206-1-5p	4391	1603	1125	1479
dre-let-7e-5p	4502	1702	511	394
dre-mir-16a-3p	4301	1265	1031	827
dre-mir-430a-8-5p	4089	1336	1894	3207
dre-mir-199-3-3p	4053	1336	1514	1044
dre-mir-18a-5p	4008	1483	1191	1421
dre-mir-26b-5p	3919	1422	1220	1145
dre-mir-196d-5p	4055	1288	996	1143
dre-mir-130b-3p	3857	1322	1148	1282
dre-mir-223-3p	3831	1327	1096	895
dre-mir-30c-3p	3857	1405	1216	960
dre-mir-196a-1-3p	3797	1334	1028	1144
dre-let-7i-5p	3715	989	806	821
dre-mir-101a-3p	3711	1532	1659	1317
dre-mir-16a-5p	3475	1223	883	1211
dre-mir-10b-2-3p	3341	1185	911	1069
dre-mir-10d-3p	3382	956	853	659
dre-mir-15b-3p	3395	1204	806	1042
dre-mir-724-5p	3274	797	969	514
dre-mir-126b-3p	3330	1262	982	1052
dre-mir-129-2-5p	3308	840	920	390
dre-mir-203b-5p	3320	1283	695	1008
dre-mir-125a-2-5p	3292	929	1380	593
dre-mir-725-1-5p	3246	956	820	652
dre-mir-133c-3p	3203	994	534	782
dre-mir-124-6-5p	3160	927	697	756
dre-mir-219-3-5p	3186	1304	842	1204
dre-mir-145-3p	3172	839	786	533
dre-mir-214-3p	3098	1054	1253	926
dre-mir-430c-5-5p	2736	1068	710	1084
dre-mir-128-1-5p	2626	807	756	589
dre-mir-10c-3p	2642	851	686	743
dre-mir-92b-5p	2462	702	630	817
dre-mir-23a-1-3p	2484	821	720	499
dre-mir-194a-5p	2477	887	669	802
dre-mir-125c-3p	2420	789	644	416
dre-mir-27c-2-5p	2301	710	583	679
dre-mir-148-5p	2260	774	747	768
dre-mir-25-5p	2187	761	423	510
dre-mir-99-2-3p	1598	2212	295	216
dre-mir-133c-5p	2097	675	413	564
dre-let-7c-2-5p	2027	652	519	343
dre-mir-27d-3p	2099	539	557	428
dre-mir-10b-1-3p	2046	557	485	499
dre-mir-7b-3p	2053	606	371	423
dre-mir-196b-3p	2054	737	640	777
dre-mir-457a-5p	1961	769	540	657
dre-mir-22a-5p	1930	612	404	415
dre-mir-99-1-5p	1893	575	603	422
dre-mir-200c-5p	1909	627	370	313
dre-mir-135c-1-5p	1897	544	458	404
dre-mir-196a-2-3p	1877	610	508	575
dre-mir-101b-3p	1858	808	631	962
dre-mir-20a-3p	1747	653	405	605
dre-mir-181c-3p	1755	690	470	382
dre-mir-92a-2-3p	1738	636	390	562
dre-mir-181b-2-3p	1732	601	409	407
dre-mir-219-1-3p	1688	611	327	349
dre-mir-18a-3p	1679	626	387	577
dre-mir-7148-5p	1662	445	369	338
dre-mir-153b-5p	1628	616	401	455
dre-mir-27e-3p	1642	488	510	417
dre-mir-18c-3p	1609	479	343	322
dre-mir-732-3p	1581	543	368	180
dre-mir-301a-3p	1551	443	511	537
dre-mir-30b-3p	1532	470	443	373
dre-mir-122-5p	1530	305	357	168
dre-mir-126b-5p	1513	492	315	413
dre-mir-107a-3p	1486	647	376	453
dre-let-7j-5p	1444	425	279	231
dre-mir-22b-3p	1438	398	429	378
dre-mir-125b-2-3p	1415	408	323	332
dre-mir-210-5p	1219	245	1365	116
dre-mir-218b-5p	1357	512	590	369
dre-mir-7146-3p	1327	467	432	625
dre-mir-130a-3p	1365	438	365	369
dre-mir-93-3p	1298	439	280	368
dre-mir-125c-5p	1266	419	466	268
dre-mir-34a-5p	1280	614	284	320
dre-mir-1-1-3p	1289	347	541	199
dre-mir-27b-5p	1292	407	255	292
dre-mir-26a-3-5p	1217	316	357	340
dre-mir-216a-3p	1217	421	382	289
dre-mir-187-1-3p	1158	379	342	159
dre-mir-219-2-5p	1166	466	291	437
dre-mir-155-5p	1145	558	343	332
dre-mir-15b-5p	1135	327	335	340
dre-mir-19b-5p	1096	424	255	338
dre-mir-27a-3p	1067	405	305	350
dre-mir-130a-5p	1021	286	233	213
dre-mir-107b-3p	1015	285	181	263
dre-mir-182-3p	998	616	266	231
dre-mir-130c-1-3p	1027	308	290	301
dre-mir-150-5p	932	289	310	339
dre-mir-454b-5p	940	346	260	331
dre-mir-200b-5p	921	304	238	196
dre-mir-31-5p	928	374	199	230
dre-mir-153c-3p	916	398	419	265
dre-mir-192-3p	877	317	205	240
dre-mir-451-5p	886	257	210	110
dre-mir-124-4-5p	840	293	263	183
dre-mir-137-3-5p	823	244	154	162
dre-mir-214-5p	806	308	249	194
dre-mir-223-5p	824	300	166	155
dre-mir-146a-3p	834	349	231	163
dre-mir-92a-2-5p	814	272	189	233
dre-mir-457b-3p	793	259	199	271
dre-mir-34a-3p	747	267	197	170
dre-mir-124-1-3p	746	286	251	247
dre-mir-457b-5p	770	341	216	302
dre-mir-429b-3p	742	282	221	201
dre-mir-20b-3p	744	279	190	267
dre-mir-455-2-5p	671	248	228	205
dre-mir-457a-3p	683	291	160	195
dre-mir-125a-1-3p	694	229	191	112
dre-mir-16b-3p	670	195	163	199
dre-mir-730-5p	691	203	119	205
dre-mir-205-3p	661	245	138	179
dre-mir-17a-2-3p	634	231	139	195
dre-mir-132-2-5p	591	140	175	70
dre-mir-184-1-5p	565	164	127	124
dre-mir-455-1-5p	573	301	304	250
dre-mir-738-5p	595	253	38	73
dre-mir-454a-5p	595	208	142	203
dre-mir-133b-5p	586	211	173	227
dre-let-7c-2-3p	589	223	86	55
dre-let-7a-1-3p	563	141	65	82
dre-mir-193b-3p	561	216	195	125
dre-mir-18b-5p	545	203	123	178
dre-mir-2185-3-5p	545	167	203	109
dre-mir-194a-3p	498	113	141	110
dre-mir-145-5p	524	135	121	99
dre-mir-216a-5p	515	199	198	141
dre-let-7f-5p	516	155	87	93
dre-mir-24-3-5p	492	223	139	154
dre-mir-338-1-5p	510	177	152	116
dre-mir-181b-1-3p	469	167	112	101
dre-mir-141-5p	470	158	111	116
dre-mir-26a-2-3p	472	155	137	123
dre-mir-19d-5p	454	163	108	108
dre-mir-733-5p	447	101	43	48
dre-mir-204-2-3p	459	149	144	132
dre-mir-153c-5p	436	144	98	105
dre-mir-23a-3-3p	449	119	129	122
dre-mir-455-2-3p	420	172	152	220
dre-mir-210-3p	294	78	437	52
dre-mir-139-3p	416	113	92	51
dre-mir-21-1-3p	421	291	117	372
dre-mir-365-3-3p	413	121	97	58
dre-mir-96-3p	403	127	81	112
dre-mir-142a-3p	402	122	102	88
dre-mir-301c-3p	401	163	142	168
dre-mir-23a-2-3p	363	134	118	81
dre-mir-462-5p	370	119	104	77
dre-mir-153a-3p	358	171	151	145
dre-mir-187-1-5p	338	117	75	47
dre-mir-489-3p	357	93	55	66
dre-mir-2188-5p	324	107	72	49
dre-mir-723-3p	336	122	125	66
dre-mir-19c-5p	339	137	77	104
dre-mir-737-5p	288	76	63	65
dre-mir-15a-2-5p	332	99	88	105
dre-mir-7145-3p	303	130	87	106
dre-mir-727-3p	319	78	111	66
dre-mir-137-3-3p	315	116	118	97
dre-mir-203a-5p	285	106	53	68
dre-mir-152-5p	305	105	96	95
dre-mir-740-3p	304	127	102	54
dre-mir-1-1-5p	266	104	54	58
dre-mir-735-3p	275	90	55	49
dre-mir-153a-5p	252	106	63	65
dre-mir-34b-5p	257	66	67	47
dre-mir-217-3p	250	87	41	60
dre-mir-34c-5p	258	81	49	30
dre-mir-1388-5p	244	87	62	41
dre-mir-18b-3p	224	84	41	73
dre-mir-138-5p	249	97	69	61
dre-mir-734-3p	245	71	63	32
dre-mir-726-3p	234	98	39	38
dre-mir-143-1-5p	214	66	79	65
dre-mir-727-5p	190	70	41	53
dre-mir-138-3p	199	45	55	48
dre-mir-212-5p	212	45	59	52
dre-let-7d-1-5p	205	67	76	31
dre-mir-26b-3p	176	60	51	45
dre-mir-301b-3p	203	93	81	87
dre-mir-100-1-3p	185	77	53	44
dre-mir-34c-3p	192	55	41	31
dre-mir-129-2-3p	187	47	24	40
dre-mir-301a-5p	178	52	38	70
dre-let-7a-2-3p	184	66	34	17
dre-mir-26a-3-3p	182	43	27	42
dre-mir-202-5p	173	86	109	27
dre-mir-194b-3p	166	29	38	20
dre-mir-101b-5p	160	56	63	76
dre-mir-338-2-5p	159	57	57	32
dre-mir-22b-5p	154	54	36	34
dre-mir-144-3p	145	60	29	28
dre-mir-737-3p	150	52	32	44
dre-mir-135a-5p	138	27	46	39
dre-mir-27d-5p	139	41	29	27
dre-mir-196d-3p	152	79	61	50
dre-mir-190b-5p	139	53	11	21
dre-mir-124-1-5p	146	42	32	34
dre-mir-199-1-5p	133	43	41	21
dre-mir-218a-1-5p	129	50	43	27
dre-mir-125b-3-3p	140	53	35	19
dre-mir-15c-3p	144	45	31	44
dre-mir-190a-5p	124	46	43	33
dre-mir-183-3p	127	37	36	23
dre-mir-730-3p	134	46	25	37
dre-let-7h-5p	125	32	31	27
dre-mir-729-3p	134	55	29	39
dre-mir-726-5p	120	49	25	26
dre-mir-1306-5p	126	65	47	43
dre-mir-128-2-5p	103	37	20	23
dre-mir-132-1-3p	107	29	26	26
dre-let-7g-2-3p	107	29	16	36
dre-let-7a-3-3p	119	42	37	31
dre-mir-194b-5p	99	47	30	25
dre-mir-107a-5p	105	34	16	23
dre-mir-146b-3p	89	45	27	15
dre-mir-142a-5p	104	41	27	44
dre-mir-430a-17-3p	88	32	22	34
dre-mir-2187-5p	100	21	23	33
dre-mir-129-1-3p	87	30	32	16
dre-mir-451-3p	81	18	8	6
dre-mir-460-5p	86	41	27	41
dre-mir-125b-1-5p	85	25	16	14
dre-mir-2192-3p	80	22	28	12
dre-mir-7a-1-3p	82	29	18	28
dre-mir-29a-3p	65	21	16	12
dre-mir-1306-3p	79	21	13	16
dre-mir-2191-3p	69	18	26	16
dre-mir-34b-3p	73	21	16	22
dre-mir-7149-5p	70	22	10	18
dre-mir-365-3-5p	70	22	14	13
dre-mir-130c-2-3p	60	28	31	37
dre-mir-731-5p	66	18	9	8
dre-mir-2184-3p	49	21	16	12
dre-mir-218a-1-3p	65	29	21	19
dre-mir-430i-3-3p	62	31	20	35
dre-mir-29b-1-3p	58	16	11	15
dre-mir-150-3p	60	14	8	21
dre-mir-19a-5p	63	17	19	16
dre-mir-1388-3p	62	19	19	6
dre-mir-222b-3p	62	19	20	7
dre-let-7j-3p	51	4	8	4
dre-mir-199-3-5p	47	13	14	8
dre-mir-499-3p	58	26	13	26
dre-mir-7147-5p	55	10	17	14
dre-let-7e-3p	54	28	3	19
dre-mir-736-5p	48	11	1	11
dre-mir-31-3p	53	19	3	11
dre-mir-218b-3p	44	18	15	16
dre-mir-733-3p	46	15	1	1
dre-mir-9-5-3p	36	9	3	5
dre-mir-2187-3p	42	11	11	9
dre-mir-738-3p	41	11	2	2
dre-mir-125a-2-3p	42	14	10	10
dre-let-7c-1-5p	39	11	6	12
dre-mir-218a-2-3p	39	10	12	9
dre-mir-365-1-5p	38	14	13	5
dre-mir-23b-5p	33	3	6	8
dre-mir-133a-1-3p	31	14	2	4
dre-let-7h-3p	31	1	3	8
dre-mir-103-5p	31	17	9	7
dre-mir-29a-5p	29	14	6	13
dre-mir-204-1-5p	30	10	5	3
dre-mir-130c-2-5p	28	7	10	7
dre-mir-24-5-5p	30	18	10	15
dre-mir-459-3p	26	2	3	5
dre-mir-7149-3p	26	10	5	7
dre-let-7b-5p	31	16	13	7
dre-let-7a-5-3p	27	9	7	2
dre-mir-124-5-5p	23	5	2	2
dre-mir-15a-2-3p	31	12	9	12
dre-mir-124-3-5p	30	13	5	3
dre-mir-7148-3p	28	6	4	2
dre-mir-99-1-3p	28	10	8	9
dre-mir-193a-2-5p	27	15	5	4
dre-mir-128-2-3p	28	6	4	2
dre-mir-722-5p	23	8	2	6
dre-let-7a-4-3p	24	11	4	5
dre-mir-17a-1-5p	23	3	6	4
dre-mir-2184-5p	29	8	4	9
dre-mir-729-5p	25	4	3	6
dre-mir-9-2-5p	23	11	9	3
dre-let-7a-1-5p	27	10	2	5
dre-mir-23a-3-5p	18	1	5	3
dre-let-7c-1-3p	26	3	3	4
dre-let-7a-6-5p	24	8	5	7
dre-mir-219-1-5p	18	5	9	4
dre-mir-489-5p	20	14	6	10
dre-mir-462-3p	24	18	12	9
dre-mir-23a-2-5p	21	7	3	6
dre-mir-728-3p	19	4	9	7
dre-mir-7a-3-3p	19	5	3	4
dre-mir-181a-1-5p	21	6	8	7
dre-mir-1-2-5p	19	4	0	2
dre-mir-2185-3-3p	18	15	3	7
dre-mir-29b-2-5p	13	4	3	8
dre-mir-1788-5p	17	7	0	1
dre-mir-2186-5p	18	14	4	2
dre-mir-24-1-5p	16	4	5	3
dre-mir-7a-2-3p	13	4	1	8
dre-mir-24-4-3p	14	3	7	0
dre-mir-740-5p	13	5	4	2
dre-mir-2189-5p	12	16	1	3
dre-mir-375-2-3p	15	6	8	4
dre-mir-430a-1-5p	10	5	10	11
dre-mir-731-3p	10	13	5	2
dre-mir-2191-5p	13	3	3	3
dre-mir-15a-1-3p	13	9	1	5
dre-mir-2186-3p	12	3	0	4
dre-let-7g-2-5p	11	3	2	2
dre-mir-430a-18-5p	11	2	0	0
dre-mir-728-5p	12	2	4	5
dre-let-7b-3p	8	0	0	0
dre-mir-430a-8-3p	8	4	5	3
dre-mir-24-4-5p	8	2	7	2
dre-let-7f-3p	11	2	1	1
dre-mir-181b-1-5p	11	3	3	3
dre-mir-135c-1-3p	11	7	0	2
dre-mir-1788-3p	12	2	6	2
dre-mir-724-3p	11	2	5	2
dre-let-7a-2-5p	11	4	2	3
dre-mir-338-2-3p	7	6	7	2
dre-mir-23a-1-5p	9	0	1	1
dre-mir-7a-2-5p	7	6	2	0
dre-mir-9-3-5p	10	5	6	6
dre-mir-456-5p	9	3	0	5
dre-mir-204-1-3p	5	0	4	3
dre-mir-2192-5p	5	3	3	1
dre-mir-199-1-3p	6	1	2	0
dre-let-7g-1-3p	7	1	1	2
dre-mir-29b-1-5p	5	1	1	2
dre-mir-460-3p	1	1	0	7
dre-mir-21-2-3p	6	0	0	0
dre-mir-222b-5p	3	5	0	1
dre-mir-736-3p	6	0	4	4
dre-mir-7147-3p	4	5	6	3
dre-mir-9-5-5p	3	0	0	0
dre-mir-2193-5p	3	0	0	1
dre-mir-9-1-3p	2	3	2	0
dre-mir-212-3p	3	2	4	0
dre-mir-122-3p	4	3	1	1
dre-mir-129-1-5p	5	4	2	0
dre-mir-190a-3p	6	4	0	2
dre-mir-375-1-5p	5	1	1	1
dre-mir-193a-1-5p	5	1	0	1
dre-mir-3906-3p	3	2	0	2
dre-let-7a-6-3p	4	0	0	1
dre-mir-9-2-3p	4	3	1	0
dre-mir-3906-5p	0	0	3	0
dre-mir-132-1-5p	3	0	0	1
dre-mir-216b-3p	0	2	0	0
dre-mir-101a-5p	1	1	2	2
dre-mir-458-5p	4	1	0	0
dre-mir-375-2-5p	1	2	0	0
dre-mir-100-1-5p	2	0	1	1
dre-mir-430b-8-3p	0	4	1	0
dre-mir-125b-2-5p	0	0	0	2
dre-let-7d-2-5p	2	0	0	0
dre-mir-142b-5p	2	0	1	1
dre-mir-429b-5p	2	1	1	0
dre-mir-124-6-3p	3	0	0	0
dre-mir-2196-3p	3	1	1	0
dre-mir-190b-3p	3	0	0	0
dre-mir-15a-1-5p	2	1	0	1
dre-mir-196a-2-5p	3	2	1	0
dre-mir-2193-3p	2	1	1	0
dre-mir-429a-5p	2	0	1	1
dre-mir-24-3-3p	1	2	2	1
dre-mir-2196-5p	1	2	0	0
dre-mir-732-5p	3	2	1	0
dre-mir-430b-4-3p	1	2	0	0
dre-mir-184-2-3p	0	1	0	1
dre-mir-202-3p	0	0	1	2
dre-mir-734-5p	1	1	0	0
dre-mir-430a-1-3p	1	0	0	0
dre-mir-124-5-3p	1	1	0	1
dre-let-7d-1-3p	0	0	0	1
dre-mir-107b-5p	1	0	0	0
dre-mir-133a-1-5p	0	1	0	0
dre-mir-193a-1-3p	0	1	0	0
dre-mir-365-2-5p	2	0	1	0
dre-mir-723-5p	2	0	0	0
dre-mir-2195-5p	1	0	0	0
dre-mir-132-2-3p	0	1	1	0
dre-mir-9-3-3p	0	0	1	0
dre-mir-137-1-3p	2	0	0	0
dre-mir-2195-3p	2	0	1	0
dre-mir-461-3p	1	0	0	0
dre-mir-2194-5p	1	0	1	0
dre-mir-2197-3p	1	1	0	0
dre-let-7a-4-5p	1	0	0	0
dre-mir-155-3p	2	0	0	2
dre-mir-135c-2-5p	0	0	0	1
dre-mir-459-5p	1	0	1	0
dre-mir-2198-5p	0	0	1	0
dre-mir-135a-3p	1	0	0	0
dre-mir-9-1-5p	0	0	1	0
dre-mir-430b-19-3p	1	0	0	0
dre-mir-124-3-3p	1	0	0	1
dre-mir-193a-2-3p	1	0	0	0
dre-mir-124-4-3p	1	0	1	0
dre-mir-27e-5p	0	0	1	1
totaldepth	15888182	5042590	4161547	3854469
